0.148893
0.15996
0.182093
0.138833
0.109658
0.105634
0.124748
0.120724
0.132797
0.140845
0.152918
0.148893
0.16499
0.158954
0.15493
0.15996
0.16499
0.171026
0.149899
0.15493
0.16499
0.156942
0.126761
0.0905433
0.0633803
0.0653924
0.055332
0.0653924
0.083501
0.0915493
0.0865191
0.082495
0.0865191
0.0784708
0.0985915
0.107646
0.0905433
0.0965795
0.0955734
0.0865191
0.0704225
0.0613682
0.0533199
0.0714286
0.0724346
0.0764588
0.0734406
0.0794769
0.0583501
0.0251509
0.0261569
0.028169
0.0261569
0.0201207
0.029175
0.0261569
0.027163
0.027163
0.0251509
0.029175
0.0321932
0.028169
0.029175
0.0301811
0.0301811
0.028169
0.0261569
0.0311871
0.0331992
0.029175
0.0311871
0.0301811
0.0342052
0.027163
0.0251509
0.028169
0.028169
0.027163
0.027163
0.027163
0.029175
0.0362173
0.0301811
0.027163
0.0392354
0.0412475
0.0331992
0.0503018
0.056338
0.0593561
0.0603622
0.084507
0.10664
0.0663984
0.0503018
0.056338
0.0774648
0.0503018
0.0442656
0.027163
0.028169
0.0211268
0.0251509
0.0201207
0.029175
0.0342052
0.0422535
0.028169
0.0362173
0.0482897
0.0492958
0.0523139
0.056338
0.0965795
0.0754527
0.105634
0.132797
0.0935614
0.131791
0.127767
0.130785
0.0432596
0.0372233
0.0301811
0.028169
0.0241449
0.0231388
0.0241449
0.027163
0.0402414
0.0422535
0.0422535
0.055332
0.0523139
0.0513078
0.0573441
0.0503018
0.054326
0.0674044
0.10664
0.15996
0.199195
0.191147
0.211268
0.196177
0.27666
0.16499
0.110664
0.100604
0.0814889
0.0714286
0.0663984
0.0925553
0.135815
0.155936
0.199195
0.251509
0.201207
0.232394
0.251509
0.21328
0.220322
0.22837
0.227364
0.226358
0.169014
0.17002
0.165996
0.15996
0.168008
0.197183
0.17002
0.155936
0.119718
0.10664
0.0935614
0.084507
0.0734406
0.0663984
0.0402414
0.0492958
0.0503018
0.0492958
0.0412475
0.0372233
0.0452716
0.0442656
0.054326
0.0503018
0.0472837
0.0663984
0.0754527
0.082495
0.0663984
0.083501
0.0623742
0.0402414
0.0231388
0.0251509
0.027163
0.0352113
0.0503018
0.0704225
0.0754527
0.0583501
0.0704225
0.0684105
0.0714286
0.0885312
0.084507
0.083501
0.0663984
0.027163
0.0241449
0.0221328
0.0231388
0.027163
0.0231388
0.0171026
0.0171026
0.0160966
0.0160966
0.0201207
0.0201207
0.0181087
0.0251509
0.0261569
0.027163
0.028169
0.0150905
0.0241449
0.0130785
0.0130785
0.0130785
0.0171026
0.0201207
0.027163
0.0201207
0.0150905
0.0211268
0.0211268
0.0372233
0.0261569
0.0150905
0.00905433
0.0110664
0.0110664
0.0160966
0.0130785
0.0150905
0.0211268
0.0241449
0.0221328
0.0221328
0.0221328
0.0191147
0.0231388
0.0251509
0.0251509
0.0311871
0.0251509
0.0221328
0.0221328
0.0150905
0.0160966
0.0110664
0.0110664
0.0120724
0.0110664
0.0120724
0.027163
0.028169
0.0342052
0.0331992
0.0362173
0.0261569
0.0492958
0.0523139
0.0472837
0.0472837
0.0392354
0.0593561
0.0764588
0.0965795
0.0955734
0.0684105
0.0653924
0.0754527
0.258551
0.17505
0.16499
0.161972
0.137827
0.0925553
0.0643863
0.0875251
0.0875251
0.084507
0.0955734
0.0794769
0.0754527
0.0794769
0.0865191
0.0724346
0.0895372
0.0945674
0.0694165
0.0492958
0.0331992
0.027163
0.0201207
0.0362173
0.0372233
0.0301811
0.0181087
0.0211268
0.0130785
0.0231388
0.0261569
0.027163
0.0301811
0.028169
0.0261569
0.0261569
0.0311871
0.0352113
0.0362173
0.0372233
0.0643863
0.083501
0.0915493
0.0905433
0.102616
0.0945674
0.0875251
0.141851
0.212274
0.243461
0.272636
0.250503
0.201207
0.147887
0.114688
0.102616
0.108652
0.135815
0.120724
0.148893
0.127767
0.128773
0.140845
0.148893
0.150905
0.15493
0.198189
0.236419
0.262575
0.270624
0.267606
0.264588
0.242455
0.206237
0.160966
0.150905
0.148893
0.209256
0.210262
0.184105
0.161972
0.183099
0.231388
0.171026
0.173038
0.15493
0.167002
0.178068
0.192153
0.21328
0.251509
0.269618
0.318913
0.292757
0.314889
0.283702
0.283702
0.304829
0.351107
0.409457
0.363179
0.235412
0.149899
0.147887
0.185111
0.161972
0.137827
0.146881
0.144869
0.15493
0.174044
0.189135
0.204225
0.234406
0.410463
0.437626
0.405433
0.362173
0.404427
0.360161
0.385312
0.334004
0.275654
0.257545
0.303823
0.331992
0.369215
0.298793
0.332998
0.32495
0.341046
0.302817
0.311871
0.306841
0.314889
0.338028
0.359155
0.487928
0.428571
0.405433
0.376258
0.33501
0.34507
0.366197
0.391348
0.370221
0.268612
0.0714286
0.0814889
0.0513078
0.0492958
0.0442656
0.0452716
0.0352113
0.029175
0.027163
0.029175
0.0160966
0.0231388
0.028169
0.0221328
0.0110664
0.0251509
0.0160966
0.0201207
0.0201207
0.0181087
0.0181087
0.0171026
0.0171026
0.0171026
0.0150905
0.0191147
0.0160966
0.0181087
0.0181087
0.0181087
0.0261569
0.0261569
0.0251509
0.0241449
0.0150905
0.0171026
0.0150905
0.0211268
0.0402414
0.0513078
0.0452716
0.0613682
0.0724346
0.0382294
0.0352113
0.029175
0.0261569
0.0181087
0.0150905
0.0150905
0.0221328
0.0211268
0.0191147
0.0221328
0.0251509
0.0221328
0.0261569
0.0321932
0.0301811
0.0321932
0.0301811
0.0321932
0.0372233
0.0492958
0.0472837
0.0392354
0.0352113
0.0482897
0.0492958
0.0241449
0.0231388
0.0201207
0.0191147
0.0160966
0.0221328
0.0241449
0.0241449
0.0412475
0.0231388
0.0191147
0.0150905
0.0191147
0.0171026
0.0171026
0.0221328
0.0
0.0
0.0
0.0
0.0
0.0
0.0
0.0
0.0
0.0
0.0
0.0
0.0
0.0
0.0
0.0
0.0
0.0
0.0
0.0
0.0
0.0
0.0
0.0
0.0
0.0
0.0
0.0
0.0
0.0
0.0
0.0
0.0
0.0
0.0
0.0
0.0
0.0
0.0
0.0
0.0
0.0
0.0
0.0
0.0
0.0
0.0
0.0
0.0
0.0
0.0
0.0
0.0
0.0
0.0
0.0
0.0
0.0
0.0
0.0
0.0
0.0
0.0
0.0
0.0
0.0
0.0
0.0885312
0.0855131
0.0905433
0.127767
0.144869
0.204225
0.200201
0.232394
0.275654
0.342052
0.299799
0.269618
0.300805
0.301811
0.241449
0.214286
0.172032
0.153924
0.153924
0.140845
0.147887
0.158954
0.153924
0.15493
0.143863
0.0905433
0.055332
0.0523139
0.0412475
0.029175
0.0372233
0.0492958
0.056338
0.0382294
0.0372233
0.028169
0.0201207
0.0221328
0.027163
0.0342052
0.027163
0.0321932
0.028169
0.028169
0.0181087
0.0171026
0.0160966
0.0181087
0.0160966
0.0120724
0.0130785
0.0231388
0.0211268
0.0130785
0.0140845
0.0231388
0.0160966
0.0251509
0.0201207
0.0251509
0.0191147
0.0241449
0.0251509
0.0201207
0.0241449
0.0171026
0.0100604
0.0110664
0.0160966
0.0201207
0.0130785
0.0120724
0.0120724
0.0120724
0.0120724
0.0311871
0.0362173
0.0422535
0.0523139
0.0261569
0.0241449
0.0251509
0.0432596
0.0472837
0.0613682
0.0663984
0.0653924
0.0704225
0.0362173
0.0372233
0.0221328
0.0241449
0.029175
0.0352113
0.0352113
0.0331992
0.0321932
0.0251509
0.0160966
0.0261569
0.0321932
0.0362173
0.0372233
0.0452716
0.0714286
0.0674044
0.0694165
0.0945674
0.0855131
0.0352113
0.0261569
0.0241449
0.0201207
0.0160966
0.0181087
0.0191147
0.0221328
0.0171026
0.0181087
0.0110664
0.0110664
0.0160966
0.0181087
0.0171026
0.0191147
0.0261569
0.0241449
0.054326
0.0714286
0.129779
0.145875
0.10161
0.0653924
0.0704225
0.0674044
0.0764588
0.0764588
0.0684105
0.0734406
0.0734406
0.0643863
0.0533199
0.0724346
0.0784708
0.0724346
0.056338
0.054326
0.0402414
0.0492958
0.0633803
0.0663984
0.0643863
0.0633803
0.0653924
0.0643863
0.0643863
0.0623742
0.056338
0.0875251
0.0724346
0.104628
0.0975855
0.0965795
0.0865191
0.0855131
0.0925553
0.055332
0.0362173
0.027163
0.0251509
0.028169
0.0321932
0.0352113
0.0432596
0.0704225
0.083501
0.0663984
0.0704225
0.0804829
0.0885312
0.0694165
0.0714286
0.0623742
0.0734406
0.107646
0.0945674
0.12173
0.132797
0.161972
0.120724
0.0724346
0.0583501
0.0342052
0.0140845
0.0171026
0.0150905
0.0231388
0.0342052
0.0965795
0.0875251
0.0875251
0.0955734
0.105634
0.114688
0.103622
0.0995976
0.102616
0.104628
0.0784708
0.0331992
0.029175
0.027163
0.027163
0.0261569
0.0331992
0.029175
0.0311871
0.028169
0.028169
0.0613682
0.0643863
0.0804829
0.0915493
0.0794769
0.0482897
0.0593561
0.082495
0.0633803
0.0482897
0.054326
0.0422535
0.0472837
0.0875251
0.105634
0.0905433
0.10161
0.126761
0.114688
0.103622
0.114688
0.100604
0.0724346
0.0684105
0.0724346
0.0714286
0.0804829
0.0704225
0.0633803
0.0674044
0.0623742
0.0694165
0.0583501
0.0513078
0.0513078
0.054326
0.0452716
0.0472837
0.0855131
0.0784708
0.0684105
0.0643863
0.0653924
0.0804829
0.0744467
0.0935614
0.0774648
0.0674044
0.084507
0.0774648
0.083501
0.082495
0.100604
0.190141
0.0995976
0.0714286
0.0432596
0.0643863
0.0684105
0.0694165
0.0653924
0.0714286
0.0774648
0.0814889
0.0885312
0.0905433
0.0925553
0.0885312
0.0804829
0.100604
0.105634
0.118712
0.125755
0.141851
0.152918
0.16499
0.147887
0.162978
0.157948
0.156942
0.160966
0.179074
0.188129
0.182093
0.186117
0.198189
0.181087
0.173038
0.167002
0.136821
0.133803
0.140845
0.15996
0.17002
0.171026
0.185111
0.163984
0.140845
0.144869
0.167002
0.197183
0.22837
0.211268
0.234406
0.259557
0.248491
0.231388
0.274648
0.254527
0.255533
0.242455
0.230382
0.200201
0.194165
0.208249
0.177062
0.0915493
0.0583501
0.0392354
0.0503018
0.0513078
0.0492958
0.054326
0.153924
0.182093
0.182093
0.183099
0.156942
0.027163
0.0160966
0.0221328
0.0211268
0.00603622
0.00804829
0.00804829
0.00804829
0.0100604
0.00905433
0.0201207
0.0140845
0.0160966
0.0140845
0.0100604
0.00704225
0.00804829
0.0120724
0.0150905
0.00804829
0.0110664
0.0181087
0.0160966
0.0110664
0.0100604
0.0110664
0.0100604
0.0100604
0.0120724
0.0120724
0.0100604
0.0100604
0.00905433
0.00905433
0.0110664
0.0120724
0.0120724
0.0120724
0.0211268
0.0181087
0.0130785
0.0181087
0.0171026
0.0191147
0.0221328
0.0201207
0.0241449
0.0191147
0.0130785
0.0171026
0.0221328
0.0160966
0.0160966
0.0110664
0.0100604
0.00905433
0.0110664
0.0140845
0.0211268
0.0261569
0.0211268
0.0191147
0.0130785
0.0130785
0.0130785
0.0130785
0.0110664
0.0191147
0.0221328
0.0503018
0.0583501
0.0603622
0.0694165
0.108652
0.0513078
0.054326
0.0382294
0.027163
0.0231388
0.027163
0.028169
0.0241449
0.0261569
0.0231388
0.0372233
0.0462777
0.0492958
0.0533199
0.0573441
0.0513078
0.0643863
0.100604
0.113682
0.136821
0.214286
0.260563
0.268612
0.353119
0.985915
0.0
0.602616
0.0392354
0.00704225
0.00804829
0.00704225
0.00704225
0.00704225
0.0160966
0.0191147
0.0150905
0.0211268
0.0181087
0.0160966
0.0150905
0.0160966
0.0160966
0.0211268
0.0362173
0.0513078
0.0674044
0.0462777
0.0452716
0.027163
0.0241449
0.0181087
0.0150905
0.0171026
0.0110664
0.0160966
0.0160966
0.0392354
0.0251509
0.0171026
0.00804829
0.0110664
0.0140845
0.0150905
0.0150905
0.0130785
0.0130785
0.0261569
0.0503018
0.0734406
0.0965795
0.1167
0.146881
0.113682
0.0915493
0.0704225
0.0653924
0.0513078
0.029175
0.0301811
0.0261569
0.0261569
0.0241449
0.0211268
0.0241449
0.0392354
0.0794769
0.0995976
0.118712
0.140845
0.15996
0.161972
0.168008
0.179074
0.193159
0.199195
0.208249
0.238431
0.248491
0.22837
0.177062
0.113682
0.0462777
0.0181087
0.0130785
0.0221328
0.0150905
0.0181087
0.0181087
0.0120724
0.0110664
0.0110664
0.0120724
0.00905433
0.00905433
0.027163
0.0311871
0.0392354
0.0492958
0.0482897
0.0503018
0.0382294
0.0362173
0.0412475
0.0804829
0.0704225
0.0744467
0.0774648
0.0875251
0.107646
0.054326
0.0362173
0.0342052
0.0191147
0.0261569
0.027163
0.027163
0.029175
0.0412475
0.0472837
0.115694
0.2666
0.237425
0.297787
0.15996
0.119718
0.115694
0.169014
0.178068
0.192153
0.186117
0.157948
0.114688
0.117706
0.112676
0.107646
0.0965795
0.0995976
0.082495
0.0583501
0.0402414
0.0452716
0.0442656
0.0492958
0.0653924
0.10161
0.146881
0.165996
0.206237
0.192153
0.205231
0.191147
0.17505
0.144869
0.120724
0.122736
0.152918
0.158954
0.179074
0.185111
0.185111
0.186117
0.176056
0.165996
0.150905
0.163984
0.173038
0.185111
0.179074
0.212274
0.214286
0.283702
0.262575
0.216298
0.234406
0.236419
0.215292
0.206237
0.207243
0.221328
0.192153
0.190141
0.109658
0.0653924
0.0352113
0.0352113
0.027163
0.0362173
0.0301811
0.0231388
0.0201207
0.0301811
0.0694165
0.0995976
0.117706
0.15493
0.15493
0.136821
0.143863
0.132797
0.100604
0.0895372
0.0905433
0.0905433
0.0995976
0.0925553
0.0804829
0.056338
0.0603622
0.0724346
0.0764588
0.0794769
0.084507
0.0925553
0.100604
0.0955734
0.0814889
0.0955734
0.0875251
0.0865191
0.0905433
0.11167
0.104628
0.129779
0.117706
0.105634
0.112676
0.130785
0.134809
0.136821
0.142857
0.150905
0.148893
0.160966
0.18008
0.184105
0.192153
0.196177
0.197183
0.219316
0.247485
0.265594
0.275654
0.283702
0.284708
0.243461
0.22837
0.224346
0.22837
0.22837
0.238431
0.244467
0.263581
0.297787
0.302817
0.303823
0.312877
0.308853
0.313883
0.299799
0.293763
0.300805
0.355131
0.370221
0.310865
0.285714
0.245473
0.219316
0.16499
0.153924
0.135815
0.134809
0.139839
0.148893
0.211268
0.219316
0.254527
0.267606
0.242455
0.236419
0.238431
0.249497
0.181087
0.177062
0.165996
0.138833
0.136821
0.136821
0.130785
0.118712
0.056338
0.055332
0.0523139
0.0462777
0.0462777
0.0452716
0.0513078
0.0533199
0.0503018
0.0462777
0.0583501
0.0754527
0.0724346
0.082495
0.0814889
0.0915493
0.0935614
0.0905433
0.0794769
0.0794769
0.0704225
0.0704225
0.084507
0.103622
0.0955734
0.0663984
0.0382294
0.0352113
0.0301811
0.029175
0.0311871
0.029175
0.0311871
0.0342052
0.0523139
0.0653924
0.0895372
0.138833
0.0774648
0.0885312
0.0955734
0.105634
0.10161
0.102616
0.103622
0.105634
0.0985915
0.124748
0.112676
0.123742
0.126761
0.114688
0.115694
0.128773
0.138833
0.145875
0.139839
0.119718
0.114688
0.0784708
0.0804829
0.0372233
0.0201207
0.0201207
0.0140845
0.0130785
0.0160966
0.0150905
0.0211268
0.0724346
0.0855131
0.108652
0.128773
0.161972
0.0694165
0.0593561
0.0422535
0.0352113
0.0352113
0.029175
0.0251509
0.0231388
0.0171026
0.0251509
0.0392354
0.0442656
0.0513078
0.0613682
0.0704225
0.0704225
0.0653924
0.0754527
0.0865191
0.0915493
0.0955734
0.0895372
0.0965795
0.0995976
0.10161
0.10161
0.108652
0.108652
0.115694
0.11167
0.120724
0.125755
0.138833
0.16499
0.17002
0.082495
0.0633803
0.0372233
0.0372233
0.0362173
0.0301811
0.027163
0.028169
0.0342052
0.0442656
0.1167
0.139839
0.129779
0.109658
0.0975855
0.0925553
0.158954
0.179074
0.135815
0.11167
0.114688
0.12173
0.126761
0.133803
0.146881
0.165996
0.203219
0.231388
0.248491
0.237425
0.22837
0.225352
0.188129
0.150905
0.144869
0.123742
0.134809
0.0985915
0.10161
0.108652
0.126761
0.125755
0.12173
0.123742
0.126761
0.131791
0.126761
0.156942
0.188129
0.221328
0.238431
0.253521
0.227364
0.232394
0.22334
0.247485
0.262575
0.257545
0.256539
0.264588
0.270624
0.249497
0.0895372
0.0150905
0.0191147
0.0150905
0.0130785
0.0160966
0.0191147
0.0191147
0.0241449
0.0241449
0.0171026
0.0110664
0.0171026
0.0140845
0.0160966
0.0160966
0.0181087
0.0221328
0.0301811
0.027163
0.029175
0.0201207
0.0140845
0.0191147
0.0160966
0.0120724
0.0130785
0.0150905
0.0110664
0.0191147
0.0160966
0.027163
0.0231388
0.029175
0.0261569
0.0392354
0.0523139
0.0653924
0.0915493
0.103622
0.0995976
0.0995976
0.103622
0.0965795
0.0764588
0.0694165
0.083501
0.0623742
0.0513078
0.0533199
0.0684105
0.0714286
0.0623742
0.0583501
0.0694165
0.0744467
0.0674044
0.0573441
0.0694165
0.083501
0.0925553
0.100604
0.108652
0.132797
0.132797
0.134809
0.128773
0.124748
0.1167
0.114688
0.0704225
0.0764588
0.0684105
0.0744467
0.0754527
0.0633803
0.0734406
0.0613682
0.0633803
0.0653924
0.0432596
0.029175
0.028169
0.0261569
0.029175
0.0321932
0.0331992
0.0432596
0.0503018
0.056338
0.0633803
0.0472837
0.027163
0.0201207
0.0160966
0.00503018
0.00704225
0.00804829
0.0100604
0.0130785
0.0110664
0.0130785
0.0201207
0.0181087
0.0181087
0.0140845
0.0201207
0.0191147
0.0201207
0.0201207
0.0231388
0.0211268
0.0140845
0.0160966
0.0160966
0.0261569
0.0221328
0.027163
0.0513078
0.0462777
0.0513078
0.0482897
0.0613682
0.0583501
0.0855131
0.084507
0.0875251
0.11167
0.105634
0.0704225
0.0533199
0.0482897
0.0442656
0.0331992
0.0372233
0.0402414
0.0342052
0.0321932
0.0331992
0.0513078
0.0623742
0.0684105
0.0895372
0.10161
0.10664
0.144869
0.142857
0.140845
0.158954
0.135815
0.145875
0.161972
0.184105
0.200201
0.225352
0.194165
0.168008
0.162978
0.163984
0.163984
0.15493
0.190141
0.211268
0.22334
0.217304
0.220322
0.224346
0.214286
0.315895
0.0593561
0.0382294
0.029175
0.027163
0.0201207
0.0181087
0.0191147
0.0140845
0.0191147
0.0231388
0.0140845
0.0120724
0.0120724
0.0160966
0.0160966
0.0171026
0.0191147
0.0321932
0.0533199
0.054326
0.0523139
0.0915493
0.0794769
0.0714286
0.0472837
0.0402414
0.0412475
0.0412475
0.0382294
0.0503018
0.0694165
0.082495
0.0794769
0.0764588
0.0784708
0.0714286
0.0734406
0.0684105
0.0583501
0.0613682
0.0583501
0.0754527
0.0784708
0.0643863
0.0533199
0.0412475
0.0372233
0.0442656
0.0653924
0.0684105
0.0754527
0.0804829
0.0804829
0.105634
0.0865191
0.0935614
0.0905433
0.0734406
0.0684105
0.0684105
0.0784708
0.083501
0.0865191
0.0945674
0.112676
0.108652
0.1167
0.105634
0.112676
0.0875251
0.103622
0.129779
0.153924
0.221328
0.176056
0.132797
0.0694165
0.0603622
0.0503018
0.0432596
0.0362173
0.0261569
0.0211268
0.027163
0.0211268
0.0221328
0.0221328
0.0171026
0.0251509
0.0523139
0.0301811
0.0331992
0.0382294
0.0442656
0.0613682
0.0633803
0.0724346
0.0674044
0.055332
0.0503018
0.055332
0.0714286
0.0794769
0.0724346
0.0734406
0.0734406
0.0533199
0.056338
0.0603622
0.0643863
0.0533199
0.0452716
0.054326
0.0623742
0.0633803
0.0674044
0.0855131
0.0895372
0.0764588
0.0412475
0.083501
0.0855131
0.0412475
0.0181087
0.027163
0.0331992
0.0342052
0.028169
0.027163
0.0231388
0.0221328
0.0261569
0.0201207
0.0211268
0.0241449
0.0231388
0.028169
0.0392354
0.0513078
0.0674044
0.0663984
0.0764588
0.0714286
0.0895372
0.0965795
0.0915493
0.0865191
0.083501
0.0804829
0.0905433
0.110664
0.135815
0.144869
0.167002
0.18008
0.202213
0.22837
0.220322
0.209256
0.203219
0.206237
0.207243
0.210262
0.227364
0.22334
0.240443
0.242455
0.250503
0.249497
0.248491
0.229376
0.226358
0.22334
0.222334
0.215292
0.21831
0.232394
0.250503
0.246479
0.251509
0.2334
0.244467
0.240443
0.235412
0.241449
0.225352
0.207243
0.21831
0.181087
0.181087
0.184105
0.181087
0.217304
0.216298
0.704225
0.0
0.0
0.475855
0.202213
0.275654
0.3833
0.34507
0.156942
0.0643863
0.0513078
0.0472837
0.0372233
0.0261569
0.0221328
0.0191147
0.0231388
0.0211268
0.027163
0.0412475
0.0462777
0.055332
0.0462777
0.0603622
0.0472837
0.0503018
0.0513078
0.0412475
0.0482897
0.0503018
0.055332
0.056338
0.0523139
0.0492958
0.0533199
0.0734406
0.082495
0.0905433
0.10664
0.113682
0.12173
0.1167
0.11167
0.083501
0.0855131
0.0875251
0.0905433
0.0905433
0.100604
0.0955734
0.0965795
0.102616
0.112676
0.316901
0.788732
0.765594
0.205231
0.122736
0.158954
0.227364
0.128773
0.0492958
0.0472837
0.027163
0.0251509
0.027163
0.0181087
0.0
0.028169
0.0160966
0.0241449
0.0241449
0.0251509
0.0462777
0.054326
0.0603622
0.0865191
0.0583501
0.0633803
0.0593561
0.0593561
0.054326
0.0533199
0.055332
0.0603622
0.055332
0.0643863
0.0643863
0.055332
0.0573441
0.0633803
0.0694165
0.0704225
0.0724346
0.0714286
0.0734406
0.0714286
0.0704225
0.0684105
0.0633803
0.0674044
0.0764588
0.0653924
0.0442656
0.0362173
0.029175
0.0201207
0.0533199
0.0925553
0.134809
0.0975855
0.0643863
0.0523139
0.0633803
0.0362173
0.0221328
0.0482897
0.0523139
0.0432596
0.0442656
0.0513078
0.0694165
0.054326
0.0100604
0.0120724
0.0100604
0.00905433
0.0120724
0.0120724
0.0181087
0.0160966
0.0201207
0.0201207
0.0181087
0.0301811
0.027163
0.029175
0.0331992
0.0342052
0.0593561
0.0633803
0.0674044
0.0623742
0.0724346
0.0482897
0.0704225
0.0573441
0.0613682
0.0382294
0.0442656
0.0372233
0.0432596
0.0503018
0.0643863
0.0643863
0.0724346
0.0704225
0.0653924
0.0724346
0.084507
0.0855131
0.0985915
0.142857
0.0975855
0.10664
0.0895372
0.0613682
0.0462777
0.127767
0.134809
0.0995976
0.0855131
0.0754527
0.0794769
0.0814889
0.0744467
0.0623742
0.0714286
0.0583501
0.0482897
0.0503018
0.054326
0.0613682
0.0593561
0.0623742
0.054326
0.0573441
0.0442656
0.0412475
0.0482897
0.0442656
0.056338
0.0593561
0.0674044
0.0684105
0.0995976
0.0885312
0.0744467
0.0865191
0.0935614
0.0965795
0.120724
0.0995976
0.100604
0.0633803
0.0573441
0.0462777
0.0482897
0.0603622
0.0573441
0.0724346
0.082495
0.0925553
0.100604
0.117706
0.129779
0.132797
0.142857
0.147887
0.17002
0.209256
0.199195
0.204225
0.219316
0.221328
0.22334
0.238431
0.246479
0.261569
0.260563
0.27666
0.28169
0.297787
0.368209
0.318913
0.298793
0.289738
0.289738
0.255533
0.255533
0.249497
0.272636
0.0
0.0
0.0
0.0
0.0
0.0
0.0
0.196177
0.0
0.0
0.0
0.0
0.0
0.0
0.0
0.0
0.0
0.0
0.0
0.0
0.0
0.0
0.0
0.0
0.0
0.124748
0.129779
0.0
0.0
0.0
0.0
0.0
0.0
0.0
0.0
0.201207
0.188129
0.149899
0.113682
0.0855131
0.0714286
0.0422535
0.0311871
0.0392354
0.0492958
0.0352113
0.0311871
0.0261569
0.0241449
0.0221328
0.0301811
0.0251509
0.0211268
0.0
0.0
0.0352113
0.0311871
0.0150905
0.0160966
0.0181087
0.0150905
0.0171026
0.0241449
0.0201207
0.054326
0.0392354
0.027163
0.0523139
0.0412475
0.0352113
0.0442656
0.0452716
0.0402414
0.027163
0.027163
0.0211268
0.0140845
0.0140845
0.0171026
0.0130785
0.0171026
0.0160966
0.0181087
0.0120724
0.0120724
0.0211268
0.0301811
0.0694165
0.0774648
0.0492958
0.0482897
0.0533199
0.0523139
0.0533199
0.0583501
0.056338
0.0603622
0.100604
0.133803
0.138833
0.0674044
0.0593561
0.082495
0.0895372
0.110664
0.128773
0.132797
0.136821
0.132797
0.119718
0.131791
0.161972
0.169014
0.16499
0.185111
0.179074
0.195171
0.207243
0.192153
0.181087
0.201207
0.171026
0.198189
0.185111
0.168008
0.11167
0.0925553
0.0442656
0.0412475
0.0342052
0.027163
0.0321932
0.0432596
0.0613682
0.0704225
0.0875251
0.0985915
0.174044
0.200201
0.178068
0.17002
0.188129
0.167002
0.161972
0.17002
0.181087
0.167002
0.186117
0.167002
0.172032
0.177062
0.187123
0.142857
0.12173
0.130785
0.132797
0.126761
0.0472837
0.0251509
0.0231388
0.0201207
0.0181087
0.0301811
0.0140845
0.0120724
0.0181087
0.0191147
0.0331992
0.0261569
0.0241449
0.028169
0.027163
0.0191147
0.0160966
0.0150905
0.0160966
0.0160966
0.0150905
0.0171026
0.0120724
0.0150905
0.0171026
0.0231388
0.0191147
0.0241449
0.0342052
0.0523139
0.055332
0.0694165
0.0875251
0.102616
0.0794769
0.0754527
0.0684105
0.0784708
0.10161
0.114688
0.135815
0.140845
0.118712
0.108652
0.103622
0.0945674
0.0905433
0.0875251
0.0804829
0.084507
0.0965795
0.110664
0.104628
0.0975855
0.084507
0.0744467
0.0744467
0.0674044
0.0694165
0.0694165
0.0754527
0.0784708
0.0915493
0.107646
0.107646
0.127767
0.132797
0.128773
0.122736
0.113682
0.105634
0.127767
0.144869
0.158954
0.141851
0.124748
0.131791
0.150905
0.137827
0.128773
0.103622
0.0603622
0.0503018
0.0633803
0.0774648
0.0623742
0.0583501
0.0774648
0.131791
0.12173
0.0814889
0.0774648
0.0674044
0.0663984
0.0603622
0.0714286
0.0945674
0.0905433
0.0855131
0.0754527
0.0794769
0.0915493
0.0895372
0.102616
0.0492958
0.0140845
0.0140845
0.0160966
0.0140845
0.0221328
0.0171026
0.0160966
0.0191147
0.0191147
0.0241449
0.0221328
0.0221328
0.0321932
0.0301811
0.0241449
0.029175
0.056338
0.0583501
0.0533199
0.0372233
0.0392354
0.0402414
0.0442656
0.0482897
0.054326
0.0734406
0.0895372
0.0804829
0.084507
0.0915493
0.0684105
0.0674044
0.0754527
0.0684105
0.0633803
0.0573441
0.0503018
0.0633803
0.0814889
0.0784708
0.0794769
0.0875251
0.0865191
0.0865191
0.0875251
0.084507
0.0865191
0.108652
0.1167
0.105634
0.0955734
0.0442656
0.0331992
0.0231388
0.0221328
0.0422535
0.0885312
0.0402414
0.0251509
0.029175
0.0311871
0.0231388
0.0140845
0.0140845
0.0120724
0.0110664
0.00804829
0.00704225
0.00804829
0.0110664
0.0140845
0.0130785
0.0130785
0.0160966
0.0140845
0.0140845
0.0191147
0.0120724
0.0130785
0.0150905
0.0140845
0.0130785
0.0120724
0.0110664
0.0130785
0.0130785
0.0130785
0.0171026
0.0311871
0.0472837
0.0684105
0.0694165
0.100604
0.0814889
0.055332
0.0482897
0.0422535
0.0392354
0.0261569
0.0241449
0.0251509
0.0301811
0.0432596
0.0422535
0.0573441
0.0382294
0.0412475
0.054326
0.0503018
0.0814889
0.0965795
0.0945674
0.084507
0.0674044
0.0704225
0.0764588
0.0794769
0.0814889
0.084507
0.0975855
0.10664
0.12173
0.130785
0.142857
0.172032
0.197183
0.199195
0.207243
0.204225
0.205231
0.200201
0.194165
0.195171
0.203219
0.201207
0.207243
0.21328
0.221328
0.238431
0.226358
0.236419
0.240443
0.245473
0.256539
0.248491
0.254527
0.243461
0.245473
0.236419
0.250503
0.255533
0.267606
0.287726
0.290744
0.28672
0.216298
0.186117
0.151911
0.134809
0.143863
0.123742
0.102616
0.0965795
0.0925553
0.0915493
0.107646
0.103622
0.129779
0.130785
0.1167
0.128773
0.152918
0.15493
0.151911
0.165996
0.149899
0.162978
0.171026
0.143863
0.144869
0.156942
0.161972
0.140845
0.134809
0.138833
0.185111
0.224346
0.21328
0.207243
0.21328
0.210262
0.199195
0.193159
0.185111
0.178068
0.184105
0.185111
0.196177
0.210262
0.201207
0.208249
0.216298
0.230382
0.249497
0.256539
0.269618
0.265594
0.258551
0.301811
0.310865
0.332998
0.353119
0.391348
0.387324
0.384306
0.384306
0.371227
0.34507
0.344064
0.325956
0.308853
0.273642
0.131791
0.0362173
0.0221328
0.0171026
0.0171026
0.027163
0.171026
0.176056
0.12173
0.199195
0.185111
0.168008
0.155936
0.152918
0.110664
0.0945674
0.100604
0.100604
0.0945674
0.0875251
0.082495
0.083501
0.0945674
0.0925553
0.084507
0.0694165
0.083501
0.0905433
0.0955734
0.0734406
0.0663984
0.0774648
0.0804829
0.0764588
0.0804829
0.0714286
0.055332
0.0533199
0.0482897
0.0523139
0.0462777
0.0382294
0.0301811
0.0261569
0.027163
0.0472837
0.0503018
0.0513078
0.0482897
0.0513078
0.0492958
0.0513078
0.0392354
0.0231388
0.0160966
0.0261569
0.0321932
0.0352113
0.0342052
0.0462777
0.0442656
0.0412475
0.0342052
0.0311871
0.0492958
0.0372233
0.027163
0.0372233
0.0452716
0.0442656
0.0533199
0.0482897
0.0472837
0.0462777
0.0422535
0.0402414
0.0382294
0.0301811
0.0342052
0.0352113
0.0352113
0.0261569
0.0331992
0.0472837
0.0412475
0.0472837
0.0372233
0.0412475
0.0603622
0.0623742
0.0362173
0.0311871
0.0241449
0.0653924
0.0513078
0.0412475
0.0392354
0.0311871
0.0191147
0.0191147
0.0181087
0.0100604
0.0160966
0.0231388
0.0211268
0.0201207
0.0231388
0.0321932
0.0392354
0.0382294
0.0452716
0.0533199
0.056338
0.054326
0.0653924
0.0734406
0.0704225
0.0814889
0.0905433
0.0865191
0.107646
0.122736
0.114688
0.11167
0.112676
0.11167
0.117706
0.103622
0.0855131
0.0794769
0.0784708
0.083501
0.0895372
0.0935614
0.0985915
0.0935614
0.0965795
0.0925553
0.10664
0.0985915
0.110664
0.129779
0.141851
0.140845
0.142857
0.134809
0.133803
0.128773
0.110664
0.120724
0.135815
0.0221328
0.0150905
0.0191147
0.0160966
0.00905433
0.00704225
0.00704225
0.0100604
0.00804829
0.00503018
0.00905433
0.0201207
0.00804829
0.00704225
0.00603622
0.0160966
0.0100604
0.0110664
0.0110664
0.0181087
0.0261569
0.0251509
0.0201207
0.0241449
0.0150905
0.0100604
0.0100604
0.0140845
0.0110664
0.0110664
0.0160966
0.0130785
0.0160966
0.0150905
0.0171026
0.0181087
0.0221328
0.0191147
0.0221328
0.027163
0.0311871
0.0422535
0.0462777
0.0503018
0.0452716
0.0472837
0.0301811
0.0311871
0.0160966
0.0140845
0.0171026
0.0150905
0.0140845
0.0140845
0.0110664
0.0241449
0.027163
0.0150905
0.0130785
0.0110664
0.0110664
0.0130785
0.0130785
0.0140845
0.0150905
0.0140845
0.0191147
0.0140845
0.0130785
0.0150905
0.0110664
0.0201207
0.0160966
0.0140845
0.0171026
0.0160966
0.0150905
0.0382294
0.0150905
0.0181087
0.0160966
0.0191147
0.0181087
0.0201207
0.0191147
0.0171026
0.0211268
0.0201207
0.0191147
0.0171026
0.0160966
0.0150905
0.0171026
0.0221328
0.0191147
0.0171026
0.0181087
0.027163
0.0221328
0.0181087
0.0191147
0.0150905
0.0191147
0.027163
0.0211268
0.0241449
0.0321932
0.0402414
0.0362173
0.0201207
0.0321932
0.028169
0.0211268
0.0201207
0.0191147
0.0191147
0.0160966
0.0201207
0.0150905
0.0201207
0.0201207
0.0231388
0.0372233
0.0342052
0.0392354
0.0452716
0.054326
0.0623742
0.0704225
0.0663984
0.0704225
0.082495
0.0975855
0.0865191
0.0945674
0.0895372
0.0905433
0.0865191
0.0704225
0.0794769
0.0804829
0.0694165
0.0523139
0.0482897
0.0352113
0.0311871
0.0372233
0.0633803
0.0613682
0.0744467
0.0744467
0.0754527
0.0684105
0.0774648
0.0935614
0.102616
0.11167
0.127767
0.132797
0.146881
0.151911
0.142857
0.115694
0.0593561
0.0633803
0.0653924
0.0573441
0.055332
0.0452716
0.0392354
0.0321932
0.0321932
0.0311871
0.0321932
0.0241449
0.0362173
0.056338
0.0432596
0.0694165
0.0452716
0.0442656
0.0643863
0.0804829
0.0533199
0.102616
0.133803
0.151911
0.149899
0.141851
0.146881
0.150905
0.150905
0.151911
0.142857
0.138833
0.142857
0.142857
0.150905
0.160966
0.118712
0.114688
0.11167
0.113682
0.120724
0.129779
0.133803
0.118712
0.119718
0.118712
0.132797
0.128773
0.135815
0.123742
0.118712
0.104628
0.12173
0.136821
0.173038
0.209256
0.229376
0.202213
0.142857
0.15493
0.165996
0.183099
0.158954
0.182093
0.203219
0.203219
0.199195
0.216298
0.217304
0.262575
0.284708
0.283702
0.261569
0.0704225
0.0321932
0.0130785
0.00905433
0.00704225
0.0110664
0.0140845
0.0140845
0.0140845
0.0120724
0.0100604
0.0160966
0.00905433
0.0100604
0.0100604
0.0110664
0.0130785
0.0120724
0.0171026
0.0150905
0.0191147
0.0201207
0.0160966
0.0201207
0.0171026
0.0140845
0.0181087
0.0160966
0.0160966
0.0181087
0.0251509
0.0321932
0.0352113
0.0352113
0.0412475
0.0482897
0.0503018
0.0523139
0.0573441
0.0643863
0.0663984
0.0734406
0.0724346
0.0814889
0.0855131
0.0875251
0.165996
0.220322
0.229376
0.205231
0.174044
0.126761
0.130785
0.115694
0.0583501
0.0452716
0.0301811
0.0382294
0.0482897
0.0503018
0.0714286
0.0492958
0.0674044
0.0593561
0.0784708
0.140845
0.15996
0.192153
0.202213
0.204225
0.203219
0.163984
0.135815
0.119718
0.107646
0.110664
0.114688
0.132797
0.150905
0.15493
0.148893
0.144869
0.133803
0.139839
0.129779
0.122736
0.120724
0.129779
0.295775
0.100604
0.055332
0.0321932
0.0191147
0.0181087
0.0140845
0.0201207
0.027163
0.0311871
0.0392354
0.028169
0.056338
0.0533199
0.0593561
0.082495
0.108652
0.117706
0.126761
0.132797
0.125755
0.0965795
0.0402414
0.0462777
0.0503018
0.0583501
0.055332
0.0503018
0.055332
0.0452716
0.0432596
0.0633803
0.0623742
0.0583501
0.028169
0.0321932
0.0211268
0.0150905
0.0150905
0.00804829
0.0201207
0.0110664
0.0110664
0.0100604
0.00804829
0.00704225
0.00503018
0.00503018
0.00503018
0.00402414
0.00603622
0.0100604
0.0130785
0.0120724
0.0120724
0.0160966
0.0160966
0.0181087
0.0160966
0.0110664
0.0201207
0.0201207
0.0191147
0.0241449
0.0392354
0.0352113
0.054326
0.0492958
0.0432596
0.0402414
0.0372233
0.0382294
0.0331992
0.0311871
0.055332
0.0513078
0.055332
0.0492958
0.0422535
0.0442656
0.0442656
0.0402414
0.0432596
0.0452716
0.0412475
0.0432596
0.0382294
0.0442656
0.0432596
0.0462777
0.054326
0.0523139
0.054326
0.0603622
0.0694165
0.0754527
0.0734406
0.0724346
0.0784708
0.083501
0.083501
0.082495
0.0744467
0.0603622
0.0432596
0.0412475
0.0573441
0.0663984
0.0684105
0.0784708
0.083501
0.0684105
0.0643863
0.0694165
0.0643863
0.0603622
0.0653924
0.0613682
0.083501
0.112676
0.0995976
0.108652
0.123742
0.117706
0.130785
0.130785
0.138833
0.147887
0.157948
0.140845
0.140845
0.15996
0.158954
0.169014
0.174044
0.182093
0.194165
0.210262
0.217304
0.220322
0.225352
0.232394
0.238431
0.239437
0.236419
0.22334
0.222334
0.224346
0.204225
0.192153
0.186117
0.182093
0.162978
0.186117
0.189135
0.171026
0.142857
0.126761
0.117706
0.113682
0.122736
0.114688
0.113682
0.107646
0.105634
0.0985915
0.115694
0.12173
0.144869
0.186117
0.183099
0.179074
0.186117
0.163984
0.145875
0.137827
0.136821
0.100604
0.0814889
0.056338
0.0331992
0.0704225
0.0875251
0.0694165
0.0472837
0.0482897
0.0472837
0.0513078
0.0492958
0.0362173
0.0442656
0.0412475
0.0503018
0.0513078
0.0482897
0.0533199
0.0774648
0.0744467
0.082495
0.0754527
0.0764588
0.0794769
0.084507
0.0895372
0.0
0.0
0.0905433
0.083501
0.0965795
0.0744467
0.084507
0.0865191
0.0865191
0.0945674
0.105634
0.0895372
0.0794769
0.0130785
0.0120724
0.0171026
0.0130785
0.0160966
0.0372233
0.0533199
0.0724346
0.0643863
0.0603622
0.054326
0.029175
0.0412475
0.056338
0.0331992
0.0311871
0.0412475
0.0583501
0.0492958
0.0382294
0.0412475
0.0342052
0.027163
0.0231388
0.0342052
0.0342052
0.0432596
0.0503018
0.0472837
0.0442656
0.0362173
0.029175
0.027163
0.0301811
0.0301811
0.0211268
0.0191147
0.0211268
0.028169
0.0321932
0.0331992
0.0442656
0.0613682
0.0653924
0.0663984
0.0895372
0.103622
0.113682
0.104628
0.103622
0.0754527
0.0653924
0.0674044
0.0533199
0.0513078
0.0583501
0.0392354
0.0362173
0.0362173
0.0342052
0.0372233
0.0402414
0.0432596
0.054326
0.0684105
0.0784708
0.0935614
0.0915493
0.0965795
0.10664
0.10161
0.0905433
0.0955734
0.105634
0.110664
0.1167
0.129779
0.134809
0.120724
0.0784708
0.0724346
0.0794769
0.0865191
0.0774648
0.082495
0.0653924
0.0935614
0.148893
0.198189
0.235412
0.230382
0.215292
0.230382
0.199195
0.163984
0.119718
0.124748
0.131791
0.157948
0.179074
0.188129
0.183099
0.17505
0.168008
0.128773
0.108652
0.12173
0.127767
0.118712
0.1167
0.115694
0.123742
0.10664
0.118712
0.149899
0.163984
0.155936
0.150905
0.155936
0.177062
0.165996
0.138833
0.139839
0.140845
0.139839
0.135815
0.115694
0.100604
0.104628
0.0704225
0.0633803
0.0533199
0.0794769
0.0724346
0.165996
0.149899
0.139839
0.0935614
0.100604
0.0784708
0.0784708
0.0734406
0.0855131
0.0985915
0.0472837
0.0452716
0.0402414
0.0352113
0.0301811
0.0311871
0.0241449
0.0422535
0.028169
0.0231388
0.028169
0.0261569
0.0231388
0.0301811
0.0442656
0.0452716
0.028169
0.0181087
0.0201207
0.0241449
0.0181087
0.028169
0.0160966
0.0140845
0.0140845
0.0241449
0.029175
0.0452716
0.0331992
0.0462777
0.0392354
0.028169
0.055332
0.0452716
0.027163
0.0482897
0.0573441
0.0331992
0.0432596
0.0352113
0.0372233
0.0392354
0.0472837
0.105634
0.104628
0.139839
0.0925553
0.0865191
0.0814889
0.0653924
0.131791
0.137827
0.118712
0.115694
0.0804829
0.0794769
0.0623742
0.0583501
0.0633803
0.0724346
0.0593561
0.0482897
0.0402414
0.0482897
0.0593561
0.0784708
0.0905433
0.0915493
0.0985915
0.0925553
0.0814889
0.0744467
0.0804829
0.0674044
0.108652
0.0925553
0.0714286
0.0925553
0.084507
0.0855131
0.083501
0.0965795
0.0704225
0.0724346
0.0855131
0.0
0.0
0.0
0.0
0.0
0.0905433
0.0895372
0.100604
0.0865191
0.083501
0.0945674
0.11167
0.133803
0.127767
0.152918
0.157948
0.142857
0.127767
0.132797
0.117706
0.11167
0.108652
0.107646
0.142857
0.181087
0.207243
0.194165
0.187123
0.169014
0.176056
0.182093
0.17505
0.206237
0.220322
0.215292
0.231388
0.243461
0.252515
0.235412
0.188129
0.221328
0.0925553
0.028169
0.0653924
0.0160966
0.0191147
0.0201207
0.0171026
0.0221328
0.0342052
0.215292
0.315895
0.0714286
0.0331992
0.0261569
0.0301811
0.0331992
0.0221328
0.0171026
0.0251509
0.029175
0.0181087
0.0191147
0.0231388
0.054326
0.0412475
0.0261569
0.0181087
0.0372233
0.0392354
0.029175
0.0593561
0.0975855
0.0301811
0.0653924
0.083501
0.0945674
0.0774648
0.0694165
0.0593561
0.0754527
0.0885312
0.0915493
0.0985915
0.118712
0.105634
0.103622
0.0774648
0.0764588
0.0855131
0.0694165
0.0503018
0.0392354
0.0452716
0.0995976
0.0925553
0.0794769
0.0613682
0.0603622
0.132797
0.18008
0.190141
0.178068
0.112676
0.0945674
0.0875251
0.0925553
0.0865191
0.0875251
0.0985915
0.0875251
0.10664
0.107646
0.110664
0.120724
0.103622
0.0985915
0.0
0.179074
0.0804829
0.100604
0.115694
0.0925553
0.0
0.0
0.0
0.0
0.0
0.0
0.0
0.0
0.0
0.0
0.0
0.0
0.0
0.0
0.0
0.0
0.0
0.0
0.0
0.0744467
0.0975855
0.119718
0.128773
0.129779
0.141851
0.15996
0.191147
0.15493
0.156942
0.134809
0.133803
0.0945674
0.109658
0.140845
0.152918
0.127767
0.114688
0.12173
0.122736
0.113682
0.104628
0.108652
0.10161
0.0925553
0.082495
0.083501
0.0855131
0.0905433
0.0814889
0.0865191
0.0794769
0.0714286
0.0643863
0.0633803
0.0764588
0.0895372
0.10161
0.0955734
0.082495
0.0855131
0.0794769
0.0764588
0.0
0.0
0.0
0.0
0.0
0.0
0.0
0.0
0.0
0.0
0.0
0.0
0.0
0.0
0.0
0.0
0.0
0.0
0.0
0.0
0.0
0.0
0.0
0.0
0.0
0.0
0.0
0.0
0.0
0.0
0.0
0.0
0.0
0.0
0.0
0.0
0.0
0.0
0.0
0.0
0.0
0.0
0.0
0.0
0.0
0.0
0.0
0.0
0.0
0.0
0.0
0.0
0.0
0.0
0.0
0.0
0.0
0.0
0.0
0.0
0.0
0.0
0.0
0.0
0.0
0.0
0.0
0.0
0.0
0.0
0.0
0.0
0.151911
0.129779
0.107646
0.112676
0.109658
0.113682
0.108652
0.173038
0.157948
0.142857
0.148893
0.131791
0.128773
0.148893
0.177062
0.192153
0.0
0.0
0.0
0.0
0.0
0.0
0.0
0.0
0.0
0.0
0.0
0.0
0.0
0.0
0.0
0.0
0.0
0.0
0.0
0.0
0.0
0.0
0.0
0.0
0.0
0.0
0.0
0.0
0.0
0.0
0.0
0.0
0.0
0.0
0.0
0.0
0.0
0.0704225
0.0603622
0.0412475
0.0402414
0.0321932
0.0513078
0.0422535
0.0422535
0.0382294
0.0432596
0.0633803
0.0633803
0.0623742
0.0603622
0.0462777
0.0412475
0.0422535
0.0392354
0.0362173
0.0342052
0.0472837
0.0362173
0.0402414
0.0352113
0.0382294
0.0462777
0.0774648
0.0533199
0.0583501
0.0784708
0.0804829
0.0885312
0.0975855
0.0774648
0.0724346
0.0784708
0.0814889
0.0975855
0.0724346
0.0784708
0.0714286
0.0744467
0.0734406
0.0855131
0.0925553
0.100604
0.0955734
0.0985915
0.0895372
0.0955734
0.0935614
0.0935614
0.0935614
0.0945674
0.0995976
0.10161
0.144869
0.160966
0.142857
0.105634
0.0975855
0.0945674
0.0905433
0.0915493
0.0985915
0.104628
0.115694
0.100604
0.115694
0.11167
0.084507
0.0895372
0.104628
0.0965795
0.119718
0.129779
0.125755
0.127767
0.104628
0.0130785
0.0191147
0.0231388
0.153924
0.126761
0.140845
0.131791
0.141851
0.149899
0.137827
0.137827
0.15493
0.147887
0.143863
0.151911
0.165996
0.17505
0.174044
0.157948
0.199195
0.0372233
0.0352113
0.0422535
0.0382294
0.0573441
0.0684105
0.0633803
0.0804829
0.0633803
0.0744467
0.0774648
0.0674044
0.0784708
0.082495
0.0684105
0.056338
0.0653924
0.0684105
0.0674044
0.0774648
0.082495
0.0855131
0.0955734
0.100604
0.118712
0.142857
0.137827
0.139839
0.151911
0.192153
0.217304
0.230382
0.199195
0.176056
0.15996
0.197183
0.200201
0.150905
0.128773
0.139839
0.148893
0.136821
0.117706
0.108652
0.0754527
0.0663984
0.0895372
0.118712
0.152918
0.184105
0.0995976
0.0915493
0.105634
0.139839
0.129779
0.149899
0.139839
0.155936
0.0865191
0.0674044
0.0623742
0.0633803
0.0814889
0.0955734
0.109658
0.120724
0.125755
0.130785
0.133803
0.139839
0.109658
0.0201207
0.0201207
0.0221328
0.027163
0.0301811
0.0331992
0.0372233
0.0452716
0.0503018
0.0462777
0.0422535
0.0352113
0.0513078
0.0442656
0.0432596
0.0301811
0.027163
0.0191147
0.0352113
0.0211268
0.0160966
0.0261569
0.0362173
0.029175
0.0402414
0.0372233
0.0392354
0.0503018
0.0492958
0.0412475
0.0342052
0.0583501
0.0573441
0.0392354
0.0402414
0.0412475
0.0442656
0.0492958
0.0613682
0.0744467
0.0935614
0.0965795
0.0814889
0.0744467
0.0794769
0.0633803
0.0694165
0.0955734
0.100604
0.100604
0.0885312
0.0653924
0.0694165
0.0704225
0.0895372
0.0985915
0.0965795
0.0985915
0.0965795
0.0905433
0.0925553
0.0995976
0.10664
0.120724
0.109658
0.0744467
0.0875251
0.0935614
0.0995976
0.082495
0.0804829
0.0784708
0.083501
0.0925553
0.104628
0.1167
0.117706
0.206237
0.203219
0.22837
0.241449
0.124748
0.0774648
0.0955734
0.0995976
0.0
0.0
0.0482897
0.0211268
0.0150905
0.0110664
0.0110664
0.0100604
0.0100604
0.0492958
0.0492958
0.0412475
0.0714286
0.0623742
0.0482897
0.0704225
0.0613682
0.0623742
0.0663984
0.0633803
0.055332
0.0422535
0.0482897
0.0523139
0.0593561
0.0633803
0.0643863
0.0865191
0.0855131
0.0915493
0.0855131
0.0895372
0.0784708
0.0643863
0.0694165
0.0925553
0.0895372
0.0794769
0.107646
0.132797
0.124748
0.117706
0.122736
0.12173
0.135815
0.140845
0.122736
0.131791
0.135815
0.136821
0.0
0.0
0.0
0.0
0.0
0.0
0.0
0.0
0.0
0.0
0.0
0.0
0.0
0.0
0.0
0.0
0.0
0.0
0.0
0.0
0.0
0.0
0.0
0.0
0.136821
0.0482897
0.0482897
0.0422535
0.0392354
0.0352113
0.0402414
0.0482897
0.055332
0.0623742
0.0613682
0.0663984
0.0684105
0.0694165
0.054326
0.0784708
0.0633803
0.0694165
0.0764588
0.0684105
0.100604
0.109658
0.120724
0.104628
0.104628
0.10664
0.0965795
0.0704225
0.0492958
0.0492958
0.0382294
0.0482897
0.0573441
0.0603622
0.0643863
0.0814889
0.083501
0.0985915
0.114688
0.17002
0.232394
0.215292
0.189135
0.165996
0.192153
0.149899
0.140845
0.149899
0.151911
0.15996
0.167002
0.136821
0.1167
0.118712
0.107646
0.172032
0.171026
0.150905
0.131791
0.196177
0.216298
0.22837
0.191147
0.208249
0.205231
0.252515
0.253521
0.239437
0.225352
0.212274
0.206237
0.210262
0.206237
0.185111
0.160966
0.150905
0.160966
0.152918
0.149899
0.133803
0.115694
0.127767
0.119718
0.124748
0.102616
0.0915493
0.0925553
0.0975855
0.100604
0.0975855
0.0804829
0.0945674
0.12173
0.153924
0.133803
0.163984
0.153924
0.139839
0.131791
0.120724
0.118712
0.117706
0.11167
0.117706
0.1167
0.131791
0.118712
0.12173
0.112676
0.0975855
0.11167
0.126761
0.151911
0.140845
0.134809
0.118712
0.124748
0.112676
0.10161
0.131791
0.137827
0.167002
0.152918
0.153924
0.16499
0.17505
0.15996
0.17505
0.190141
0.199195
0.185111
0.195171
0.201207
0.191147
0.197183
0.229376
0.200201
0.202213
0.216298
0.248491
0.250503
0.199195
0.202213
0.212274
0.182093
0.185111
0.173038
0.134809
0.153924
0.171026
0.195171
0.197183
0.176056
0.167002
0.17505
0.158954
0.153924
0.171026
0.189135
0.155936
0.158954
0.15493
0.160966
0.176056
0.173038
0.198189
0.206237
0.196177
0.16499
0.15996
0.156942
0.162978
0.152918
0.150905
0.15996
0.15493
0.17505
0.185111
0.231388
0.236419
0.204225
0.220322
0.210262
0.199195
0.204225
0.242455
0.240443
0.226358
0.205231
0.163984
0.17505
0.15493
0.150905
0.126761
0.12173
0.124748
0.12173
0.0925553
0.0382294
0.028169
0.0462777
0.0321932
0.0402414
0.0362173
0.027163
0.0372233
0.0462777
0.0432596
0.0372233
0.0402414
0.0452716
0.0171026
0.0110664
0.0171026
0.0201207
0.029175
0.0342052
0.0402414
0.0231388
0.0171026
0.0140845
0.0120724
0.0130785
0.0140845
0.0150905
0.0311871
0.0342052
0.0352113
0.0331992
0.0412475
0.0342052
0.0432596
0.054326
0.0734406
0.0945674
0.0905433
0.055332
0.0503018
0.0734406
0.0774648
0.0895372
0.0935614
0.100604
0.0955734
0.0885312
0.0855131
0.0684105
0.0724346
0.0573441
0.0482897
0.0372233
0.0674044
0.054326
0.0593561
0.0794769
0.0945674
0.127767
0.153924
0.169014
0.161972
0.145875
0.127767
0.119718
0.103622
0.100604
0.0784708
0.0774648
0.0583501
0.0472837
0.0432596
0.0663984
0.056338
0.0513078
0.0603622
0.0613682
0.0663984
0.0774648
0.0875251
0.105634
0.117706
0.122736
0.132797
0.114688
0.104628
0.0784708
0.0593561
0.0352113
0.0311871
0.0150905
0.0150905
0.0130785
0.0110664
0.00804829
0.0100604
0.0130785
0.0120724
0.00905433
0.0211268
0.0201207
0.0342052
0.0321932
0.0442656
0.0623742
0.0342052
0.0241449
0.0251509
0.028169
0.028169
0.0241449
0.0221328
0.0211268
0.027163
0.0191147
0.00402414
0.00201207
0.00301811
0.00905433
0.00704225
0.0211268
0.0231388
0.0171026
0.0251509
0.0362173
0.0503018
0.0442656
0.0593561
0.0472837
0.0241449
0.029175
0.0352113
0.0452716
0.0523139
0.0462777
0.0462777
0.0492958
0.0392354
0.054326
0.0573441
0.0593561
0.0694165
0.0794769
0.0794769
0.0613682
0.0653924
0.0684105
0.0764588
0.0794769
0.0804829
0.0674044
0.0613682
0.0523139
0.055332
0.0452716
0.0503018
0.0523139
0.0523139
0.0462777
0.0633803
0.0744467
0.0774648
0.0714286
0.0492958
0.0311871
0.028169
0.0211268
0.0211268
0.0140845
0.0231388
0.0311871
0.0321932
0.0321932
0.0331992
0.0704225
0.0734406
0.0694165
0.0865191
0.0814889
0.0674044
0.0694165
0.0694165
0.0794769
0.084507
0.0794769
0.0865191
0.0965795
0.0905433
0.0905433
0.0975855
0.112676
0.119718
0.123742
0.105634
0.0704225
0.083501
0.0915493
0.0915493
0.0744467
0.0583501
0.0311871
0.0402414
0.0432596
0.0684105
0.0734406
0.0885312
0.108652
0.10664
0.0985915
0.084507
0.0794769
0.083501
0.100604
0.1167
0.117706
0.0925553
0.0724346
0.083501
0.0885312
0.0774648
0.0724346
0.0804829
0.0714286
0.0724346
0.0774648
0.0995976
0.107646
0.107646
0.110664
0.110664
0.130785
0.165996
0.169014
0.155936
0.182093
0.16499
0.15493
0.179074
0.194165
0.187123
0.193159
0.224346
0.221328
0.194165
0.232394
0.220322
0.212274
0.161972
0.16499
0.0603622
0.0422535
0.0452716
0.0452716
0.0492958
0.0875251
0.0925553
0.0694165
0.083501
0.0865191
0.11167
0.100604
0.104628
0.189135
0.122736
0.155936
0.185111
0.182093
0.212274
0.182093
0.186117
0.187123
0.174044
0.190141
0.148893
0.145875
0.207243
0.107646
0.0623742
0.0513078
0.0583501
0.0613682
0.0724346
0.0855131
0.105634
0.084507
0.0925553
0.0995976
0.0965795
0.107646
0.110664
0.114688
0.12173
0.110664
0.0995976
0.117706
0.112676
0.122736
0.139839
0.141851
0.11167
0.120724
0.103622
0.118712
0.118712
0.124748
0.120724
0.134809
0.143863
0.161972
0.1167
0.0955734
0.131791
0.105634
0.102616
0.118712
0.130785
0.150905
0.168008
0.17505
0.161972
0.169014
0.177062
0.152918
0.126761
0.162978
0.141851
0.168008
0.163984
0.176056
0.209256
0.217304
0.194165
0.168008
0.194165
0.197183
0.173038
0.212274
0.184105
0.221328
0.263581
0.236419
0.287726
0.265594
0.267606
0.214286
0.197183
0.186117
0.200201
0.226358
0.232394
0.210262
0.232394
0.260563
0.311871
0.305835
0.29175
0.284708
0.21328
0.186117
0.196177
0.189135
0.17002
0.179074
0.161972
0.139839
0.1167
0.127767
0.0613682
0.0503018
0.0573441
0.055332
0.0472837
0.0533199
0.0684105
0.0603622
0.0734406
0.100604
0.197183
0.15493
0.173038
0.187123
0.177062
0.178068
0.120724
0.0985915
0.0905433
0.0915493
0.130785
0.11167
0.143863
0.145875
0.177062
0.220322
0.246479
0.268612
0.204225
0.140845
0.16499
0.122736
0.0985915
0.083501
0.123742
0.168008
0.153924
0.149899
0.140845
0.158954
0.122736
0.113682
0.16499
0.178068
0.165996
0.148893
0.142857
0.142857
0.141851
0.147887
0.161972
0.189135
0.22837
0.237425
0.27666
0.259557
0.251509
0.242455
0.2334
0.247485
0.264588
0.27163
0.287726
0.21328
0.0754527
0.0784708
0.0764588
0.0472837
0.056338
0.055332
0.0633803
0.0362173
0.0503018
0.0633803
0.0603622
0.0533199
0.054326
0.0583501
0.0462777
0.0492958
0.0352113
0.0432596
0.0352113
0.0462777
0.0342052
0.0342052
0.027163
0.0342052
0.0472837
0.0452716
0.0362173
0.0402414
0.0311871
0.0392354
0.0442656
0.0492958
0.0342052
0.0472837
0.0774648
0.0754527
0.109658
0.10161
0.0925553
0.0995976
0.0885312
0.0965795
0.0814889
0.0704225
0.0593561
0.0603622
0.054326
0.0472837
0.054326
0.0422535
0.0533199
0.0513078
0.0623742
0.0704225
0.0704225
0.0794769
0.0643863
0.0674044
0.0734406
0.0915493
0.12173
0.147887
0.203219
0.210262
0.22837
0.22837
0.203219
0.198189
0.203219
0.207243
0.202213
0.153924
0.130785
0.130785
0.137827
0.139839
0.153924
0.195171
0.177062
0.171026
0.17002
0.190141
0.208249
0.203219
0.173038
0.248491
0.234406
0.22837
0.256539
0.246479
0.22334
0.227364
0.240443
0.202213
0.15493
0.144869
0.122736
0.132797
0.114688
0.102616
0.110664
0.117706
0.0995976
0.10161
0.105634
0.084507
0.084507
0.0855131
0.10161
0.105634
0.114688
0.1167
0.118712
0.114688
0.125755
0.104628
0.0855131
0.0885312
0.082495
0.0774648
0.0714286
0.0774648
0.0603622
0.0643863
0.0714286
0.0814889
0.0965795
0.11167
0.145875
0.165996
0.197183
0.212274
0.205231
0.202213
0.202213
0.202213
0.205231
0.229376
0.232394
0.200201
0.202213
0.137827
0.113682
0.10664
0.0965795
0.11167
0.118712
0.128773
0.125755
0.131791
0.138833
0.150905
0.146881
0.161972
0.15996
0.174044
0.187123
0.205231
0.212274
0.226358
0.216298
0.22837
0.245473
0.252515
0.246479
0.250503
0.235412
0.263581
0.270624
0.241449
0.195171
0.17505
0.203219
0.197183
0.172032
0.196177
0.17505
0.179074
0.194165
0.197183
0.221328
0.209256
0.226358
0.225352
0.244467
0.231388
0.211268
0.202213
0.200201
0.177062
0.193159
0.190141
0.174044
0.172032
0.161972
0.148893
0.140845
0.130785
0.126761
0.139839
0.138833
0.152918
0.150905
0.157948
0.147887
0.15493
0.186117
0.190141
0.199195
0.18008
0.181087
0.181087
0.179074
0.182093
0.178068
0.165996
0.199195
0.194165
0.184105
0.190141
0.185111
0.195171
0.17002
0.173038
0.189135
0.15996
0.151911
0.149899
0.151911
0.131791
0.142857
0.149899
0.155936
0.156942
0.17002
0.172032
0.193159
0.216298
0.205231
0.179074
0.198189
0.211268
0.245473
0.279678
0.258551
0.278672
0.277666
0.247485
0.28672
0.247485
0.231388
0.225352
0.211268
0.217304
0.200201
0.18008
0.191147
0.207243
0.216298
0.205231
0.230382
0.220322
0.22837
0.193159
0.241449
0.28169
0.303823
0.268612
0.206237
0.189135
0.165996
0.171026
0.155936
0.186117
0.202213
0.198189
0.202213
0.209256
0.243461
0.260563
0.235412
0.249497
0.282696
0.307847
0.183099
0.0462777
0.0221328
0.0221328
0.0201207
0.0211268
0.0181087
0.0181087
0.0130785
0.0130785
0.0130785
0.0301811
0.0342052
0.0442656
0.0221328
0.0352113
0.0533199
0.0462777
0.0482897
0.0331992
0.0452716
0.0533199
0.0573441
0.0663984
0.0452716
0.0472837
0.0492958
0.027163
0.0301811
0.0261569
0.0221328
0.0251509
0.028169
0.0231388
0.0372233
0.0663984
0.0704225
0.0855131
0.105634
0.0784708
0.0643863
0.0382294
0.0412475
0.0915493
0.0905433
0.100604
0.114688
0.117706
0.0905433
0.100604
0.0714286
0.0653924
0.0442656
0.0362173
0.029175
0.0382294
0.0412475
0.0482897
0.0503018
0.0523139
0.0643863
0.0744467
0.0714286
0.083501
0.0945674
0.0855131
0.0965795
0.15493
0.12173
0.142857
0.18008
0.185111
0.167002
0.163984
0.144869
0.139839
0.161972
0.165996
0.17505
0.196177
0.177062
0.172032
0.17505
0.200201
0.199195
0.199195
0.203219
0.200201
0.203219
0.179074
0.204225
0.179074
0.155936
0.15996
0.171026
0.206237
0.203219
0.137827
0.0865191
0.0694165
0.0352113
0.0352113
0.0412475
0.0331992
0.0362173
0.0382294
0.0412475
0.0372233
0.0432596
0.0452716
0.0362173
0.028169
0.0191147
0.0311871
0.0352113
0.0321932
0.028169
0.0331992
0.0241449
0.0231388
0.0150905
0.0130785
0.0301811
0.0110664
0.0130785
0.0160966
0.0241449
0.0201207
0.00905433
0.0181087
0.0120724
0.0120724
0.0110664
0.0110664
0.0120724
0.0100604
0.0150905
0.0160966
0.0140845
0.0130785
0.0251509
0.0211268
0.0231388
0.0160966
0.0120724
0.0100604
0.0110664
0.0181087
0.0181087
0.0160966
0.0201207
0.0191147
0.0181087
0.027163
0.0462777
0.0382294
0.0482897
0.0623742
0.0653924
0.0784708
0.0855131
0.0764588
0.0794769
0.0925553
0.105634
0.0905433
0.108652
0.105634
0.10664
0.10664
0.107646
0.119718
0.108652
0.10161
0.0915493
0.0382294
0.0392354
0.0422535
0.0392354
0.0382294
0.0382294
0.0452716
0.0402414
0.0442656
0.0442656
0.055332
0.0623742
0.0633803
0.056338
0.0684105
0.0573441
0.0714286
0.0663984
0.0754527
0.0814889
0.0985915
0.114688
0.119718
0.125755
0.115694
0.124748
0.141851
0.157948
0.188129
0.222334
0.222334
0.222334
0.219316
0.232394
0.232394
0.232394
0.209256
0.212274
0.256539
0.259557
0.247485
0.240443
0.208249
0.225352
0.246479
0.222334
0.209256
0.210262
0.225352
0.27163
0.272636
0.298793
0.27666
0.296781
0.338028
0.362173
0.264588
0.272636
0.285714
0.145875
0.123742
0.0653924
0.0321932
0.0342052
0.0452716
0.0171026
0.0402414
0.0603622
0.083501
0.110664
0.12173
0.155936
0.169014
0.15493
0.160966
0.176056
0.173038
0.184105
0.183099
0.195171
0.132797
0.141851
0.122736
0.10161
0.100604
0.0925553
0.0945674
0.120724
0.167002
0.224346
0.182093
0.128773
0.117706
0.0975855
0.0965795
0.0794769
0.0613682
0.0663984
0.0694165
0.0764588
0.0814889
0.0704225
0.083501
0.0814889
0.0744467
0.0704225
0.0744467
0.0945674
0.11167
0.115694
0.117706
0.110664
0.0965795
0.0935614
0.113682
0.11167
0.115694
0.105634
0.0945674
0.0995976
0.0714286
0.0533199
0.0472837
0.083501
0.0965795
0.11167
0.100604
0.084507
0.0885312
0.0794769
0.0754527
0.0885312
0.0875251
0.0965795
0.0965795
0.132797
0.141851
0.17505
0.168008
0.185111
0.195171
0.191147
0.146881
0.184105
0.157948
0.144869
0.0
0.0
0.0
0.0
0.0
0.0
0.0
0.0
0.0
0.0
0.0
0.0
0.0
0.0
0.0
0.0
0.0
0.0
0.0
0.0
0.0
0.0
0.0
0.0
0.0
0.0
0.0
0.0
0.0
0.0
0.0
0.0
0.0
0.0
0.0
0.0
0.0
0.0
0.0
0.0
0.0
0.0
0.0
0.0
0.0
0.0
0.0
0.0
0.0
0.0
0.0
0.0
0.0
0.0
0.0
0.0
0.0
0.0
0.0
0.0
0.0
0.0
0.0
0.0
0.0
0.0
0.0
0.0
0.112676
0.0684105
0.0452716
0.0694165
0.0684105
0.0925553
0.0794769
0.0684105
0.0764588
0.0814889
0.0975855
0.114688
0.140845
0.158954
0.158954
0.183099
0.167002
0.189135
0.195171
0.17505
0.174044
0.12173
0.125755
0.122736
0.118712
0.123742
0.127767
0.152918
0.144869
0.145875
0.156942
0.172032
0.200201
0.250503
0.301811
0.28672
0.282696
0.319919
0.327968
0.339034
0.313883
0.312877
0.292757
0.231388
0.247485
0.310865
0.284708
0.238431
0.16499
0.140845
0.140845
0.152918
0.174044
0.136821
0.0905433
0.103622
0.104628
0.10664
0.0895372
0.0855131
0.084507
0.0885312
0.0975855
0.102616
0.0935614
0.102616
0.100604
0.100604
0.0784708
0.0754527
0.0935614
0.123742
0.124748
0.1167
0.129779
0.12173
0.134809
0.137827
0.15493
0.211268
0.196177
0.15493
0.152918
0.16499
0.165996
0.126761
0.12173
0.132797
0.119718
0.0885312
0.0794769
0.0653924
0.0633803
0.0794769
0.0935614
0.1167
0.146881
0.138833
0.144869
0.151911
0.132797
0.113682
0.0633803
0.0643863
0.0452716
0.0623742
0.0603622
0.0392354
0.0472837
0.0452716
0.0523139
0.0523139
0.0533199
0.0503018
0.0352113
0.0462777
0.0513078
0.0382294
0.0342052
0.0442656
0.0191147
0.0211268
0.0120724
0.0261569
0.0462777
0.029175
0.0130785
0.00905433
0.00905433
0.00905433
0.0171026
0.00402414
0.00804829
0.0150905
0.0231388
0.0110664
0.0231388
0.0321932
0.0301811
0.0120724
0.0110664
0.0171026
0.0181087
0.0211268
0.0150905
0.0110664
0.0241449
0.0382294
0.0452716
0.0442656
0.0482897
0.0422535
0.0492958
0.0613682
0.0573441
0.056338
0.0613682
0.0643863
0.083501
0.082495
0.0764588
0.0613682
0.0663984
0.0623742
0.0704225
0.0633803
0.0573441
0.0653924
0.084507
0.0764588
0.0593561
0.0704225
0.108652
0.149899
0.17002
0.157948
0.187123
0.167002
0.174044
0.179074
0.191147
0.212274
0.178068
0.183099
0.15996
0.182093
0.17002
0.157948
0.203219
0.187123
0.127767
0.117706
0.0875251
0.0704225
0.0603622
0.0342052
0.0342052
0.0472837
0.0452716
0.0392354
0.0613682
0.0724346
0.0734406
0.0774648
0.0694165
0.083501
0.0764588
0.0935614
0.0975855
0.100604
0.0744467
0.0814889
0.0774648
0.082495
0.0754527
0.0975855
0.0734406
0.0714286
0.0704225
0.0814889
0.0905433
0.132797
0.185111
0.115694
0.122736
0.124748
0.133803
0.0985915
0.0704225
0.0623742
0.0814889
0.0814889
0.0714286
0.0573441
0.0603622
0.0442656
0.0422535
0.0311871
0.0412475
0.027163
0.0331992
0.0352113
0.0452716
0.102616
0.10161
0.0261569
0.0221328
0.0251509
0.0331992
0.0331992
0.0362173
0.0331992
0.0432596
0.0462777
0.0352113
0.0422535
0.0643863
0.0412475
0.0402414
0.0462777
0.0352113
0.0261569
0.0311871
0.0241449
0.0171026
0.0261569
0.0301811
0.0422535
0.0593561
0.0663984
0.054326
0.0442656
0.0442656
0.0945674
0.127767
0.0482897
0.0694165
0.0734406
0.0513078
0.0331992
0.0472837
0.0241449
0.0372233
0.0201207
0.0241449
0.0171026
0.0221328
0.0160966
0.0110664
0.0352113
0.0422535
0.0442656
0.055332
0.0492958
0.0653924
0.0975855
0.132797
0.110664
0.136821
0.169014
0.157948
0.192153
0.160966
0.196177
0.135815
0.12173
0.102616
0.082495
0.0985915
0.110664
0.138833
0.0794769
0.0603622
0.054326
0.0623742
0.0915493
0.0995976
0.0935614
0.0885312
0.0955734
0.102616
0.145875
0.107646
0.100604
0.103622
0.114688
0.130785
0.11167
0.0774648
0.0674044
0.0955734
0.083501
0.054326
0.0613682
0.0774648
0.0583501
0.0885312
0.0744467
0.0704225
0.128773
0.21831
0.225352
0.177062
0.165996
0.1167
0.0734406
0.0603622
0.0593561
0.0452716
0.0653924
0.0724346
0.112676
0.105634
0.0935614
0.0814889
0.0925553
0.102616
0.0925553
0.0895372
0.103622
0.0804829
0.10161
0.0955734
0.0855131
0.0895372
0.107646
0.115694
0.100604
0.0995976
0.105634
0.108652
0.1167
0.0955734
0.0794769
0.082495
0.0905433
0.0784708
0.0764588
0.0442656
0.0613682
0.0523139
0.0452716
0.055332
0.0442656
0.055332
0.0432596
0.0372233
0.0593561
0.0593561
0.0533199
0.0734406
0.0814889
0.082495
0.0814889
0.105634
0.105634
0.0855131
0.0492958
0.0452716
0.0362173
0.0462777
0.0593561
0.0513078
0.0503018
0.0392354
0.0392354
0.0462777
0.0774648
0.104628
0.0804829
0.112676
0.143863
0.192153
0.212274
0.225352
0.250503
0.255533
0.285714
0.229376
0.135815
0.0945674
0.10161
0.0935614
0.0975855
0.100604
0.0955734
0.056338
0.0523139
0.0523139
0.0513078
0.0462777
0.0623742
0.0704225
0.0794769
0.0905433
0.103622
0.103622
0.118712
0.142857
0.157948
0.155936
0.15996
0.082495
0.0814889
0.105634
0.10161
0.0935614
0.0925553
0.0814889
0.0583501
0.0724346
0.0744467
0.0814889
0.0865191
0.0774648
0.0714286
0.0784708
0.0804829
0.0885312
0.0895372
0.0935614
0.0905433
0.135815
0.125755
0.112676
0.0885312
0.0925553
0.0915493
0.103622
0.100604
0.0915493
0.161972
0.186117
0.171026
0.146881
0.133803
0.125755
0.131791
0.123742
0.0895372
0.0965795
0.0875251
0.0955734
0.0975855
0.117706
0.128773
0.144869
0.147887
0.129779
0.148893
0.163984
0.169014
0.152918
0.178068
0.183099
0.178068
0.151911
0.150905
0.131791
0.135815
0.117706
0.103622
0.103622
0.0955734
0.0995976
0.104628
0.128773
0.183099
0.225352
0.2334
0.217304
0.230382
0.227364
0.251509
0.279678
0.250503
0.202213
0.161972
0.204225
0.22334
0.227364
0.198189
0.211268
0.148893
0.056338
0.0523139
0.0382294
0.0412475
0.0482897
0.0432596
0.054326
0.0704225
0.0583501
0.0613682
0.0643863
0.0744467
0.103622
0.102616
0.0613682
0.0694165
0.0814889
0.0794769
0.129779
0.133803
0.0965795
0.0814889
0.0583501
0.0633803
0.0674044
0.0814889
0.113682
0.0975855
0.0975855
0.11167
0.102616
0.100604
0.123742
0.125755
0.128773
0.118712
0.115694
0.140845
0.142857
0.122736
0.109658
0.15996
0.15493
0.214286
0.217304
0.22837
0.211268
0.221328
0.217304
0.212274
0.205231
0.122736
0.12173
0.0855131
0.114688
0.152918
0.131791
0.144869
0.147887
0.160966
0.176056
0.177062
0.194165
0.201207
0.190141
0.108652
0.0503018
0.0734406
0.0573441
0.0573441
0.0452716
0.0623742
0.0623742
0.0241449
0.0241449
0.027163
0.0382294
0.0392354
0.027163
0.0663984
0.11167
0.199195
0.182093
0.21328
0.17505
0.171026
0.133803
0.0503018
0.028169
0.0181087
0.0
0.0
0.0
0.0
0.0
0.0
0.0
0.0
0.0
0.0
0.0
0.0
0.0
0.0
0.0
0.0
0.0764588
0.0724346
0.0724346
0.208249
0.241449
0.222334
0.16499
0.0985915
0.0694165
0.0965795
0.119718
0.110664
0.107646
0.0915493
0.0714286
0.0694165
0.0855131
0.0875251
0.103622
0.115694
0.123742
0.123742
0.132797
0.120724
0.132797
0.155936
0.142857
0.155936
0.219316
0.262575
0.270624
0.207243
0.117706
0.11167
0.114688
0.120724
0.134809
0.131791
0.141851
0.141851
0.15996
0.129779
0.150905
0.124748
0.12173
0.138833
0.139839
0.181087
0.168008
0.192153
0.210262
0.27666
0.278672
0.311871
0.243461
0.207243
0.136821
0.167002
0.176056
0.160966
0.18008
0.183099
0.178068
0.184105
0.153924
0.128773
0.165996
0.167002
0.152918
0.17002
0.21328
0.226358
0.22837
0.226358
0.322938
0.360161
0.362173
0.413481
0.376258
0.416499
0.351107
0.299799
0.336016
0.33501
0.457746
0.442656
0.314889
0.216298
0.191147
0.237425
0.188129
0.212274
0.197183
0.241449
0.282696
0.298793
0.294769
0.255533
0.204225
0.187123
0.206237
0.201207
0.182093
0.177062
0.189135
0.182093
0.220322
0.227364
0.239437
0.248491
0.226358
0.245473
0.200201
0.157948
0.195171
0.263581
0.225352
0.17505
0.171026
0.153924
0.104628
0.136821
0.117706
0.0945674
0.112676
0.0714286
0.0895372
0.084507
0.0704225
0.0613682
0.0533199
0.0342052
0.0261569
0.0432596
0.0211268
0.0130785
0.0241449
0.0331992
0.00905433
0.0261569
0.0301811
0.0140845
0.0120724
0.00804829
0.00603622
0.0311871
0.0261569
0.0201207
0.0191147
0.0160966
0.0171026
0.0140845
0.0120724
0.00503018
0.0201207
0.00503018
0.0201207
0.0231388
0.0331992
0.0211268
0.00301811
0.00603622
0.027163
0.0231388
0.0352113
0.0482897
0.054326
0.0442656
0.0442656
0.0241449
0.0342052
0.0452716
0.054326
0.055332
0.055332
0.055332
0.055332
0.084507
0.10664
0.0734406
0.0875251
0.118712
0.138833
0.118712
0.0794769
0.0704225
0.0492958
0.0372233
0.0472837
0.0
0.0
0.0
0.0
0.0
0.084507
0.0915493
0.082495
0.0764588
0.129779
0.147887
0.115694
0.12173
0.109658
0.0995976
0.12173
0.119718
0.124748
0.143863
0.128773
0.10664
0.10161
0.0573441
0.0482897
0.0342052
0.0352113
0.0523139
0.056338
0.0492958
0.028169
0.0201207
0.0110664
0.00100604
0.00402414
0.0
0.0
0.0
0.0
0.0
0.0
0.0
0.0
0.0
0.0
0.0
0.0
0.0
0.0
0.0
0.0
0.0
0.0
0.0
0.0
0.0
0.0
0.0
0.0
0.0
0.0
0.0
0.0
0.0
0.0
0.0
0.0
0.0
0.0
0.0
0.0
0.0
0.0
0.0
0.0
0.0
0.0
0.0
0.0
0.0
0.0
0.0
0.0
0.0
0.0
0.0
0.0
0.0
0.0
0.0
0.0
0.0
0.0
0.0
0.0
0.0
0.0
0.0
0.0
0.0
0.0
0.0
0.0
0.0
0.0
0.0
0.0
0.0
0.0
0.0
0.0
0.0
0.0
0.0
0.0
0.0
0.0
0.0
0.0
0.0
0.0
0.0
0.0
0.0
0.0
0.0
0.0
0.0
0.0
0.0
0.0
0.0
0.0
0.0
0.0
0.0
0.0
0.0
0.0
0.0
0.0
0.0
0.0
0.0
0.0
0.0
0.0
0.0
0.0
0.0
0.0
0.0
0.0
0.0
0.0
0.0
0.0
0.0
0.0
0.0
0.0
0.0
0.0
0.0
0.0
0.0
0.0
0.0
0.0
0.0
0.0
0.0
0.0
0.0
0.0
0.0
0.0
0.0
0.0
0.0
0.0
0.0
0.0
0.0
0.0
0.0
0.0
0.0
0.0
0.0
0.0452716
0.0
0.0
0.0
0.0
0.0
0.0
0.0
0.0
0.0
0.0
0.0
0.0
0.0
0.0
0.0
0.0
0.0
0.0
0.0
0.0
0.0
0.0
0.0
0.0
0.0
0.0
0.0
0.0
0.0
0.0
0.0
0.0
0.0
0.0
0.0
0.0
0.0
0.0
0.0
0.0
0.0
0.0
0.0
0.0
0.0
0.0
0.0
0.0
0.0
0.0
0.0
0.0
0.0
0.0
0.0
0.0
0.0
0.0
0.0
0.0
0.0
0.0
0.0
0.0
0.0
0.0
0.0
0.0
0.0
0.0
0.0
0.0
0.0
0.0
0.0
0.0
0.210262
0.205231
0.22334
0.232394
0.269618
0.259557
0.197183
0.193159
0.165996
0.156942
0.155936
0.162978
0.212274
0.275654
0.267606
0.226358
0.195171
0.204225
0.225352
0.235412
0.260563
0.248491
0.267606
0.238431
0.244467
0.243461
0.257545
0.169014
0.0744467
0.0674044
0.0804829
0.0754527
0.054326
0.0472837
0.0513078
0.0472837
0.0342052
0.0221328
0.00905433
0.0110664
0.0120724
0.0110664
0.00704225
0.00301811
0.00503018
0.00704225
0.00603622
0.0100604
0.0130785
0.0160966
0.0120724
0.0120724
0.0130785
0.0120724
0.0120724
0.0130785
0.0120724
0.0120724
0.0130785
0.0100604
0.0120724
0.0130785
0.0120724
0.0110664
0.0110664
0.0100604
0.00804829
0.00603622
0.00503018
0.00603622
0.00804829
0.00704225
0.00704225
0.00804829
0.00704225
0.00905433
0.0231388
0.0211268
0.0251509
0.0221328
0.0140845
0.0221328
0.027163
0.0221328
0.0140845
0.0191147
0.0150905
0.0171026
0.0211268
0.0241449
0.0241449
0.0261569
0.0241449
0.0251509
0.027163
0.0382294
0.0472837
0.0412475
0.0422535
0.0855131
0.0885312
0.0905433
0.0734406
0.0573441
0.0503018
0.0432596
0.0523139
0.0523139
0.0311871
0.0382294
0.0442656
0.0392354
0.0432596
0.055332
0.056338
0.0603622
0.0724346
0.0804829
0.0995976
0.133803
0.167002
0.152918
0.193159
0.207243
0.261569
0.21831
0.171026
0.151911
0.136821
0.115694
0.144869
0.15493
0.199195
0.253521
0.264588
0.244467
0.21831
0.257545
0.285714
0.253521
0.265594
0.321932
0.374245
0.437626
0.506036
0.537223
0.509054
0.508048
0.467807
0.470825
0.45171
0.420523
0.407445
0.376258
0.390342
0.386318
0.386318
0.3833
0.361167
0.371227
0.357143
0.350101
0.346076
0.331992
0.280684
0.253521
0.288732
0.328974
0.367203
0.39336
0.425553
0.43159
0.44165
0.460765
0.438632
0.433602
0.410463
0.389336
0.351107
0.334004
0.350101
0.352113
0.346076
0.371227
0.408451
0.424547
0.311871
0.176056
0.254527
0.264588
0.224346
0.402414
0.472837
0.461771
0.380282
0.29175
0.29175
0.288732
0.284708
0.284708
0.339034
0.330986
0.312877
0.319919
0.337022
0.325956
0.308853
0.32495
0.352113
0.376258
0.39839
0.437626
0.414487
0.45171
0.43159
0.413481
0.432596
0.433602
0.442656
0.43662
0.440644
0.418511
0.419517
0.396378
0.382294
0.37827
0.387324
0.385312
0.399396
0.394366
0.410463
0.430583
0.422535
0.401408
0.39336
0.395372
0.417505
0.397384
0.422535
0.416499
0.396378
0.350101
0.0744467
0.0321932
0.0171026
0.00603622
0.00503018
0.00402414
0.00603622
0.00804829
0.0160966
0.00201207
0.00402414
0.00704225
0.00503018
0.00402414
0.00704225
0.00704225
0.00704225
0.0100604
0.0100604
0.0130785
0.0171026
0.00905433
0.0110664
0.0211268
0.0211268
0.0372233
0.0301811
0.0452716
0.056338
0.0422535
0.0513078
0.0331992
0.0482897
0.0422535
0.0321932
0.029175
0.0311871
0.0221328
0.0241449
0.0
0.0
0.0402414
0.0321932
0.0452716
0.055332
0.0754527
0.107646
0.125755
0.15493
0.169014
0.188129
0.163984
0.143863
0.118712
0.11167
0.0995976
0.0865191
0.0663984
0.056338
0.055332
0.0633803
0.0674044
0.0704225
0.0915493
0.107646
0.137827
0.102616
0.114688
0.148893
0.16499
0.194165
0.16499
0.118712
0.0412475
0.0171026
0.0130785
0.0130785
0.0100604
0.00503018
0.00201207
0.00704225
0.0221328
0.0120724
0.0221328
0.0110664
0.0160966
0.0181087
0.00704225
0.0171026
0.0110664
0.0181087
0.0211268
0.0160966
0.0221328
0.0130785
0.0211268
0.0301811
0.0191147
0.0191147
0.0150905
0.0181087
0.056338
0.0382294
0.0181087
0.0482897
0.0372233
0.0191147
0.00905433
0.00804829
0.0231388
0.0241449
0.0261569
0.0311871
0.0462777
0.0674044
0.0734406
0.0674044
0.0714286
0.0643863
0.0774648
0.0714286
0.11167
0.125755
0.133803
0.134809
0.143863
0.123742
0.0975855
0.0734406
0.0372233
0.0342052
0.0633803
0.10664
0.123742
0.0794769
0.0503018
0.0462777
0.0452716
0.0472837
0.0492958
0.0533199
0.0492958
0.0462777
0.0321932
0.0321932
0.0231388
0.0311871
0.027163
0.0241449
0.0201207
0.0231388
0.0342052
0.0342052
0.0442656
0.0412475
0.0392354
0.0382294
0.0402414
0.0462777
0.0472837
0.0442656
0.0513078
0.0643863
0.0593561
0.0643863
0.0623742
0.0734406
0.0804829
0.0895372
0.0814889
0.0734406
0.0925553
0.0865191
0.0905433
0.0804829
0.0714286
0.083501
0.0774648
0.0694165
0.0643863
0.0663984
0.0714286
0.0754527
0.0794769
0.0754527
0.0684105
0.0643863
0.0503018
0.0472837
0.0472837
0.0412475
0.0382294
0.0392354
0.0422535
0.0432596
0.0402414
0.0452716
0.0523139
0.0573441
0.0613682
0.0573441
0.0633803
0.0734406
0.0603622
0.0814889
0.0794769
0.0895372
0.0935614
0.0875251
0.0935614
0.084507
0.0794769
0.0895372
0.0885312
0.082495
0.0925553
0.0915493
0.083501
0.0804829
0.082495
0.0885312
0.0925553
0.0814889
0.0794769
0.0865191
0.084507
0.0754527
0.082495
0.0895372
0.0744467
0.0875251
0.0794769
0.0814889
0.0784708
0.0734406
0.0804829
0.0744467
0.0855131
0.0915493
0.0865191
0.084507
0.0885312
0.0925553
0.0935614
0.0985915
0.10161
0.102616
0.0955734
0.100604
0.103622
0.115694
0.130785
0.140845
0.15493
0.173038
0.151911
0.127767
0.109658
0.105634
0.0965795
0.115694
0.161972
0.181087
0.18008
0.18008
0.185111
0.177062
0.16499
0.152918
0.143863
0.142857
0.137827
0.145875
0.146881
0.147887
0.15493
0.161972
0.165996
0.161972
0.162978
0.183099
0.202213
0.198189
0.202213
0.196177
0.205231
0.188129
0.17505
0.17505
0.179074
0.16499
0.158954
0.158954
0.158954
0.160966
0.16499
0.168008
0.174044
0.18008
0.189135
0.195171
0.226358
0.253521
0.258551
0.261569
0.272636
0.2666
0.272636
0.274648
0.262575
0.27666
0.279678
0.27163
0.263581
0.257545
0.252515
0.260563
0.261569
0.253521
0.235412
0.21328
0.219316
0.0633803
0.0130785
0.0110664
0.0120724
0.0120724
0.00804829
0.00905433
0.0100604
0.0110664
0.0130785
0.0171026
0.0110664
0.0120724
0.0140845
0.0150905
0.0120724
0.0100604
0.0100604
0.00804829
0.00603622
0.00704225
0.0160966
0.0100604
0.0171026
0.0150905
0.0150905
0.0140845
0.0110664
0.0120724
0.0120724
0.00704225
0.00603622
0.00804829
0.0120724
0.0140845
0.0140845
0.0110664
0.00905433
0.0110664
0.00804829
0.00905433
0.00704225
0.00402414
0.00603622
0.00402414
0.00402414
0.00503018
0.00603622
0.00704225
0.00804829
0.00905433
0.0100604
0.00804829
0.00905433
0.0120724
0.0110664
0.00804829
0.0191147
0.028169
0.0352113
0.0321932
0.029175
0.0352113
0.0412475
0.0422535
0.0462777
0.0684105
0.0804829
0.0764588
0.0744467
0.0885312
0.0925553
0.082495
0.0694165
0.0734406
0.0714286
0.0895372
0.083501
0.0774648
0.0975855
0.0905433
0.0885312
0.10161
0.112676
0.124748
0.158954
0.16499
0.177062
0.190141
0.17505
0.107646
0.11167
0.0915493
0.0895372
0.082495
0.0764588
0.083501
0.083501
0.0674044
0.0452716
0.0422535
0.0372233
0.0442656
0.0382294
0.0593561
0.0342052
0.0482897
0.0482897
0.0412475
0.0412475
0.0503018
0.0472837
0.0674044
0.0764588
0.0794769
0.0724346
0.0885312
0.0724346
0.0764588
0.0935614
0.0663984
0.0492958
0.0603622
0.0402414
0.0342052
0.0211268
0.0191147
0.0201207
0.0241449
0.0311871
0.0311871
0.0422535
0.0492958
0.0442656
0.0513078
0.0523139
0.0694165
0.0754527
0.0694165
0.0573441
0.0472837
0.0513078
0.0482897
0.0452716
0.0382294
0.0342052
0.0392354
0.0382294
0.0231388
0.0120724
0.00905433
0.0150905
0.0241449
0.0452716
0.102616
0.10161
0.0925553
0.0684105
0.0643863
0.10161
0.102616
0.129779
0.123742
0.117706
0.0764588
0.0513078
0.0573441
0.0472837
0.0472837
0.0533199
0.0643863
0.0573441
0.0603622
0.0422535
0.0301811
0.0221328
0.0241449
0.0764588
0.11167
0.0985915
0.0895372
0.0774648
0.0925553
0.084507
0.083501
0.0714286
0.0643863
0.0865191
0.0613682
0.0583501
0.0603622
0.0412475
0.0
0.0
0.0
0.0
0.0
0.0
0.0
0.0
0.0
0.0
0.0
0.0
0.0
0.0
0.0
0.0
0.0
0.0
0.0
0.0
0.0
0.0
0.0
0.0
0.0
0.0
0.0
0.0
0.0
0.0
0.0
0.0
0.0
0.0
0.0
0.0
0.0
0.0
0.0
0.0
0.0
0.0
0.0
0.0
0.0
0.0
0.0
0.0
0.0
0.0
0.0
0.0
0.0
0.0
0.0503018
0.0422535
0.0613682
0.0754527
0.109658
0.143863
0.168008
0.184105
0.15493
0.127767
0.0945674
0.0865191
0.0513078
0.0955734
0.0855131
0.0533199
0.056338
0.055332
0.0503018
0.0412475
0.0392354
0.0301811
0.0342052
0.0432596
0.0523139
0.0442656
0.0392354
0.0432596
0.0533199
0.0633803
0.0915493
0.119718
0.136821
0.144869
0.148893
0.130785
0.0985915
0.0704225
0.0955734
0.0794769
0.0674044
0.0523139
0.054326
0.0533199
0.0492958
0.0513078
0.0523139
0.0583501
0.083501
0.0985915
0.0865191
0.0955734
0.129779
0.15493
0.173038
0.188129
0.2334
0.239437
0.22837
0.222334
0.196177
0.122736
0.143863
0.147887
0.124748
0.127767
0.122736
0.16499
0.250503
0.273642
0.299799
0.315895
0.308853
0.354125
0.376258
0.368209
0.3833
0.402414
0.421529
0.465795
0.483903
0.468813
0.481891
0.34507
0.0955734
0.0342052
0.0181087
0.0201207
0.0140845
0.0120724
0.0110664
0.0130785
0.0160966
0.0171026
0.0110664
0.0150905
0.0140845
0.0130785
0.0160966
0.0100604
0.0100604
0.00905433
0.0100604
0.0100604
0.00905433
0.0181087
0.0150905
0.0140845
0.0130785
0.0120724
0.00704225
0.00704225
0.00905433
0.00704225
0.00704225
0.00804829
0.0100604
0.0100604
0.00603622
0.00603622
0.00804829
0.00704225
0.0100604
0.0171026
0.0191147
0.0211268
0.0422535
0.0231388
0.0130785
0.0211268
0.0251509
0.0160966
0.0150905
0.0120724
0.0191147
0.0211268
0.0392354
0.0452716
0.0251509
0.0311871
0.0472837
0.0754527
0.0754527
0.0714286
0.0623742
0.0573441
0.0663984
0.0784708
0.0995976
0.11167
0.128773
0.146881
0.140845
0.144869
0.142857
0.143863
0.129779
0.114688
0.0945674
0.0704225
0.0995976
0.0895372
0.0804829
0.0593561
0.0774648
0.0975855
0.1167
0.126761
0.12173
0.122736
0.118712
0.142857
0.185111
0.231388
0.208249
0.202213
0.22837
0.214286
0.194165
0.155936
0.15493
0.149899
0.138833
0.178068
0.303823
0.153924
0.027163
0.0171026
0.0160966
0.0100604
0.0120724
0.0160966
0.0110664
0.0120724
0.0120724
0.00905433
0.0100604
0.0110664
0.00804829
0.00603622
0.00704225
0.00804829
0.0110664
0.0100604
0.00905433
0.0120724
0.0301811
0.0372233
0.0452716
0.0432596
0.0352113
0.0482897
0.0814889
0.0925553
0.0684105
0.0774648
0.0885312
0.0995976
0.120724
0.114688
0.115694
0.125755
0.12173
0.112676
0.0855131
0.0422535
0.0160966
0.0120724
0.0100604
0.0100604
0.00704225
0.00301811
0.00503018
0.0100604
0.0120724
0.0150905
0.00804829
0.0110664
0.0150905
0.0171026
0.0140845
0.0110664
0.0100604
0.0100604
0.0261569
0.0311871
0.0432596
0.0422535
0.029175
0.0171026
0.0261569
0.0231388
0.0251509
0.0211268
0.0412475
0.027163
0.027163
0.0221328
0.0342052
0.0352113
0.0442656
0.0251509
0.0241449
0.0221328
0.0191147
0.0191147
0.0110664
0.0100604
0.0110664
0.0120724
0.0100604
0.0110664
0.0120724
0.0100604
0.0160966
0.0191147
0.0171026
0.0100604
0.00905433
0.00905433
0.0201207
0.0261569
0.0211268
0.0321932
0.0472837
0.0452716
0.0503018
0.0603622
0.0704225
0.0603622
0.0684105
0.0774648
0.082495
0.107646
0.124748
0.139839
0.152918
0.167002
0.214286
0.207243
0.209256
0.192153
0.152918
0.124748
0.108652
0.0945674
0.0925553
0.0945674
0.105634
0.0905433
0.0784708
0.0633803
0.0663984
0.0774648
0.1167
0.142857
0.135815
0.176056
0.197183
0.21831
0.22837
0.265594
0.277666
0.27666
0.256539
0.221328
0.221328
0.178068
0.138833
0.133803
0.129779
0.15493
0.198189
0.248491
0.289738
0.332998
0.402414
0.474849
0.469819
0.506036
0.506036
0.528169
0.507042
0.50503
0.507042
0.524145
0.448692
0.39336
0.356137
0.352113
0.356137
0.355131
0.364185
0.341046
0.326962
0.338028
0.348089
0.300805
0.308853
0.305835
0.308853
0.325956
0.363179
0.440644
0.478873
0.506036
0.472837
0.482897
0.484909
0.538229
0.572435
0.565392
0.487928
0.490946
0.472837
0.455734
0.468813
0.468813
0.504024
0.562374
0.560362
0.54326
0.366197
0.231388
0.186117
0.135815
0.0955734
0.10664
0.123742
0.15996
0.193159
0.278672
0.373239
0.45674
0.424547
0.391348
0.32998
0.297787
0.283702
0.287726
0.272636
0.263581
0.225352
0.201207
0.203219
0.220322
0.215292
0.201207
0.208249
0.21831
0.242455
0.28169
0.307847
0.355131
0.397384
0.434608
0.440644
0.435614
0.464789
0.44165
0.400402
0.357143
0.317907
0.288732
0.211268
0.139839
0.0311871
0.028169
0.0191147
0.0160966
0.0140845
0.0100604
0.00804829
0.0100604
0.0110664
0.0110664
0.0120724
0.0181087
0.0191147
0.0110664
0.0241449
0.0191147
0.0251509
0.0231388
0.0492958
0.055332
0.0684105
0.0663984
0.0734406
0.0694165
0.0804829
0.0462777
0.0
0.0
0.0331992
0.0241449
0.028169
0.0432596
0.0734406
0.0694165
0.0744467
0.0915493
0.123742
0.182093
0.224346
0.229376
0.250503
0.237425
0.219316
0.22334
0.239437
0.226358
0.245473
0.2334
0.204225
0.214286
0.242455
0.239437
0.214286
0.215292
0.202213
0.209256
0.21831
0.259557
0.252515
0.236419
0.241449
0.254527
0.265594
0.257545
0.239437
0.224346
0.226358
0.195171
0.182093
0.0885312
0.027163
0.0191147
0.0171026
0.0171026
0.0171026
0.0181087
0.0171026
0.0160966
0.0120724
0.0130785
0.0160966
0.0120724
0.0301811
0.0191147
0.0221328
0.0221328
0.0231388
0.0160966
0.0261569
0.0241449
0.0201207
0.028169
0.0231388
0.0221328
0.0452716
0.0623742
0.0633803
0.0804829
0.055332
0.0492958
0.054326
0.0573441
0.054326
0.0523139
0.0633803
0.105634
0.10664
0.104628
0.146881
0.178068
0.169014
0.142857
0.120724
0.0945674
0.0895372
0.0855131
0.0623742
0.0704225
0.0804829
0.0945674
0.0935614
0.0965795
0.0965795
0.124748
0.137827
0.127767
0.130785
0.135815
0.127767
0.148893
0.15996
0.207243
0.17505
0.156942
0.056338
0.0432596
0.0613682
0.0694165
0.0492958
0.0301811
0.0211268
0.0120724
0.0201207
0.0191147
0.0120724
0.0130785
0.0110664
0.00804829
0.00704225
0.00804829
0.00905433
0.0120724
0.0181087
0.0321932
0.0432596
0.0412475
0.0352113
0.0452716
0.0462777
0.0472837
0.0593561
0.083501
0.0744467
0.0744467
0.0744467
0.0643863
0.0794769
0.0975855
0.142857
0.150905
0.174044
0.136821
0.141851
0.148893
0.185111
0.203219
0.230382
0.269618
0.282696
0.317907
0.356137
0.362173
0.381288
0.445674
0.420523
0.37827
0.310865
0.249497
0.167002
0.15493
0.15996
0.144869
0.124748
0.12173
0.12173
0.136821
0.130785
0.103622
0.0985915
0.11167
0.130785
0.169014
0.18008
0.174044
0.17505
0.173038
0.214286
0.237425
0.268612
0.238431
0.237425
0.199195
0.177062
0.15996
0.171026
0.16499
0.171026
0.183099
0.241449
0.257545
0.262575
0.248491
0.243461
0.238431
0.237425
0.248491
0.235412
0.246479
0.244467
0.250503
0.250503
0.260563
0.257545
0.253521
0.249497
0.240443
0.239437
0.240443
0.246479
0.236419
0.234406
0.249497
0.259557
0.265594
0.262575
0.277666
0.269618
0.260563
0.258551
0.267606
0.272636
0.265594
0.289738
0.285714
0.27666
0.27163
0.260563
0.241449
0.219316
0.236419
0.142857
0.128773
0.0855131
0.0714286
0.0613682
0.0392354
0.0331992
0.0261569
0.0221328
0.0140845
0.0191147
0.0120724
0.0140845
0.0130785
0.0171026
0.0211268
0.0171026
0.0251509
0.0231388
0.0150905
0.0231388
0.0221328
0.0160966
0.0110664
0.0130785
0.028169
0.0362173
0.0412475
0.107646
0.0724346
0.0724346
0.0724346
0.0734406
0.0653924
0.0583501
0.0714286
0.0694165
0.0885312
0.146881
0.162978
0.17505
0.194165
0.168008
0.194165
0.168008
0.145875
0.128773
0.129779
0.122736
0.158954
0.15493
0.133803
0.100604
0.113682
0.139839
0.120724
0.1167
0.118712
0.12173
0.127767
0.174044
0.217304
0.234406
0.249497
0.282696
0.274648
0.310865
0.323944
0.272636
0.205231
0.17002
0.130785
0.161972
0.153924
0.125755
0.113682
0.0352113
0.0221328
0.0160966
0.0181087
0.027163
0.0160966
0.0221328
0.0110664
0.00905433
0.0100604
0.0100604
0.0110664
0.0110664
0.00804829
0.00905433
0.0110664
0.00905433
0.00905433
0.0100604
0.0100604
0.00905433
0.00905433
0.0171026
0.0150905
0.0150905
0.0191147
0.0150905
0.0150905
0.0130785
0.0160966
0.0140845
0.0130785
0.0120724
0.0160966
0.0201207
0.0321932
0.0402414
0.0462777
0.0442656
0.0613682
0.0533199
0.0452716
0.0432596
0.0432596
0.0462777
0.0764588
0.0945674
0.127767
0.0684105
0.0744467
0.027163
0.0231388
0.083501
0.0412475
0.0503018
0.0462777
0.0533199
0.0412475
0.0503018
0.0492958
0.056338
0.0523139
0.0674044
0.0935614
0.100604
0.0734406
0.0462777
0.0402414
0.0623742
0.029175
0.028169
0.0191147
0.0261569
0.0382294
0.0362173
0.027163
0.0211268
0.0160966
0.0130785
0.00905433
0.0181087
0.0130785
0.0201207
0.029175
0.0613682
0.0523139
0.0774648
0.1167
0.126761
0.132797
0.151911
0.158954
0.152918
0.15493
0.155936
0.186117
0.146881
0.15996
0.21328
0.210262
0.216298
0.212274
0.219316
0.221328
0.239437
0.244467
0.258551
0.258551
0.255533
0.247485
0.242455
0.231388
0.219316
0.216298
0.21328
0.232394
0.238431
0.231388
0.232394
0.222334
0.181087
0.0382294
0.029175
0.0352113
0.028169
0.0251509
0.0251509
0.0191147
0.0181087
0.0130785
0.0100604
0.0110664
0.0140845
0.0160966
0.0191147
0.0171026
0.0362173
0.0181087
0.0140845
0.0160966
0.0221328
0.0231388
0.0191147
0.0231388
0.0352113
0.0472837
0.0402414
0.0412475
0.0362173
0.0492958
0.0472837
0.0462777
0.0342052
0.0432596
0.0533199
0.082495
0.1167
0.122736
0.119718
0.109658
0.131791
0.112676
0.115694
0.102616
0.105634
0.100604
0.10161
0.107646
0.0945674
0.0875251
0.100604
0.0955734
0.10161
0.104628
0.118712
0.117706
0.113682
0.109658
0.122736
0.139839
0.140845
0.18008
0.172032
0.140845
0.0150905
0.0110664
0.00804829
0.00603622
0.00704225
0.0100604
0.0160966
0.0130785
0.0191147
0.0191147
0.0181087
0.0171026
0.0201207
0.0150905
0.0181087
0.0181087
0.00905433
0.0171026
0.0191147
0.0221328
0.027163
0.0211268
0.0150905
0.0160966
0.0241449
0.0171026
0.0130785
0.0201207
0.0171026
0.0191147
0.0150905
0.0231388
0.0221328
0.0201207
0.0231388
0.0221328
0.0160966
0.0160966
0.0150905
0.0160966
0.0160966
0.0171026
0.0150905
0.0160966
0.0150905
0.00804829
0.0150905
0.0110664
0.0120724
0.0140845
0.0130785
0.0130785
0.0150905
0.0130785
0.0130785
0.0181087
0.0171026
0.0231388
0.0221328
0.0221328
0.0251509
0.0171026
0.0211268
0.0241449
0.0130785
0.0150905
0.0432596
0.0432596
0.0503018
0.054326
0.027163
0.0201207
0.028169
0.0301811
0.0221328
0.027163
0.027163
0.0402414
0.0412475
0.0392354
0.0402414
0.054326
0.056338
0.0633803
0.0583501
0.0503018
0.0895372
0.0814889
0.0744467
0.055332
0.0603622
0.0724346
0.082495
0.0985915
0.0955734
0.055332
0.0412475
0.0392354
0.0362173
0.0342052
0.0342052
0.0422535
0.0402414
0.0714286
0.0694165
0.0643863
0.0653924
0.0714286
0.0734406
0.0794769
0.0935614
0.0875251
0.136821
0.135815
0.145875
0.206237
0.283702
0.326962
0.381288
0.376258
0.365191
0.320926
0.2666
0.248491
0.232394
0.216298
0.211268
0.243461
0.250503
0.212274
0.202213
0.207243
0.225352
0.231388
0.247485
0.256539
0.270624
0.303823
0.316901
0.297787
0.29175
0.309859
0.45674
0.531187
0.487928
0.491952
0.406439
0.300805
0.299799
0.133803
0.105634
0.0724346
0.0643863
0.0523139
0.0492958
0.0402414
0.0432596
0.0352113
0.0221328
0.0160966
0.0100604
0.0342052
0.0643863
0.0593561
0.104628
0.126761
0.144869
0.161972
0.188129
0.201207
0.207243
0.234406
0.222334
0.221328
0.231388
0.255533
0.312877
0.354125
0.22837
0.176056
0.0915493
0.129779
0.197183
0.117706
0.104628
0.115694
0.138833
0.147887
0.238431
0.246479
0.312877
0.412475
0.407445
0.39336
0.399396
0.39839
0.369215
0.348089
0.342052
0.267606
0.207243
0.225352
0.432596
0.443662
0.427565
0.44165
0.429577
0.476861
0.503018
0.551308
0.587525
0.610664
0.614688
0.618712
0.590543
0.573441
0.576459
0.516097
0.399396
0.367203
0.296781
0.264588
0.0875251
0.0674044
0.0482897
0.0382294
0.0352113
0.0231388
0.0241449
0.0150905
0.0171026
0.0140845
0.0130785
0.0171026
0.027163
0.029175
0.0241449
0.0181087
0.0110664
0.0100604
0.0100604
0.0100604
0.0120724
0.0130785
0.0100604
0.0110664
0.0171026
0.0211268
0.0171026
0.0181087
0.0211268
0.0241449
0.0251509
0.0241449
0.0331992
0.0241449
0.0211268
0.0211268
0.0422535
0.0462777
0.0523139
0.0321932
0.0422535
0.0321932
0.0352113
0.0261569
0.027163
0.028169
0.0191147
0.0241449
0.0231388
0.0211268
0.027163
0.0342052
0.0342052
0.0251509
0.0201207
0.0201207
0.0261569
0.0231388
0.0513078
0.0714286
0.0714286
0.0764588
0.103622
0.1167
0.11167
0.135815
0.0975855
0.0352113
0.0171026
0.0181087
0.0181087
0.0171026
0.0191147
0.0191147
0.0211268
0.0251509
0.0352113
0.0221328
0.0191147
0.0261569
0.0211268
0.0201207
0.0895372
0.0935614
0.104628
0.12173
0.117706
0.11167
0.135815
0.163984
0.128773
0.0412475
0.0261569
0.0201207
0.0221328
0.027163
0.0251509
0.027163
0.0301811
0.0321932
0.029175
0.0301811
0.0482897
0.0513078
0.055332
0.0432596
0.0342052
0.055332
0.0603622
0.0764588
0.0754527
0.0583501
0.0603622
0.0814889
0.0925553
0.130785
0.161972
0.151911
0.125755
0.108652
0.12173
0.124748
0.10664
0.130785
0.137827
0.119718
0.0623742
0.0472837
0.0382294
0.0311871
0.028169
0.0211268
0.0160966
0.0201207
0.029175
0.0150905
0.0211268
0.0160966
0.0171026
0.0181087
0.0160966
0.0160966
0.0150905
0.0160966
0.0191147
0.0140845
0.0150905
0.0181087
0.0211268
0.0191147
0.0191147
0.0171026
0.0211268
0.0140845
0.0201207
0.0342052
0.0311871
0.0392354
0.0885312
0.10664
0.0674044
0.0734406
0.0653924
0.0352113
0.0311871
0.0342052
0.0342052
0.0402414
0.0422535
0.0492958
0.0674044
0.0593561
0.056338
0.0694165
0.0402414
0.0301811
0.0211268
0.0201207
0.0150905
0.0130785
0.0181087
0.0221328
0.0140845
0.0140845
0.0181087
0.0171026
0.0171026
0.0171026
0.0140845
0.0140845
0.0140845
0.0150905
0.0120724
0.0100604
0.0181087
0.0150905
0.0181087
0.0130785
0.0231388
0.027163
0.028169
0.0191147
0.0150905
0.0171026
0.0191147
0.0231388
0.0211268
0.0160966
0.0201207
0.0201207
0.0211268
0.0201207
0.0160966
0.0160966
0.0130785
0.0140845
0.0160966
0.0181087
0.0150905
0.0191147
0.0140845
0.0181087
0.0211268
0.0211268
0.0191147
0.0181087
0.0201207
0.028169
0.027163
0.0171026
0.0191147
0.0160966
0.0221328
0.0
0.0
0.0
0.0
0.0
0.0
0.0
0.0
0.0
0.0
0.0
0.0
0.0
0.0
0.0
0.0
0.0
0.0
0.0
0.0
0.0
0.0
0.0
0.0
0.0362173
